4.76943
4.77703
4.75908
4.76478
4.76248
4.77198
4.74221
4.71553
4.74913
4.73251
4.72427
4.74592
4.68262
4.45264
4.41718
4.43461
4.45268
4.48832
4.48801
4.43381
4.44293
4.43033
69.038
47.1066
46.4083
44.0293
45.0047
45.1682
44.7042
44.6635
44.9476
45.356
45.7684
46.1769
46.9713
46.8925
46.9071
47.2596
47.6321
47.8534
48.5737
48.0669
48.5259
49.4193
49.5194
49.4573
49.4834
49.2101
49.2372
49.9244
49.8758
4.41312
4.34443
4.42891
4.32928
53.092
52.4999
49.8588
49.3484
49.0538
49.1809
48.7488
48.21
47.402
47.0195
46.8583
46.5727
46.4925
46.1796
45.1899
45.1684
45.0236
45.0008
44.8557
44.6232
44.5204
44.5008
44.6442
44.3915
44.5779
10.9899
4.41242
4.38072
4.42822
4.31707
4.35264
4.34376
4.34232
4.41479
4.387
4.53231
4.48166
4.40218
4.34999
4.44705
4.43313
4.37731
4.4044
4.31886
4.39098
4.40351
4.45446
4.4375
4.43101
4.37076
4.38601
4.35525
4.38452
4.41297
4.37096
4.35434
4.4197
4.39937
4.38842
4.41303
4.4013
4.61847
4.32108
4.32166
4.40381
4.42627
4.33102
4.4644
4.44209
4.42936
4.44739
4.40123
4.42747
4.37634
4.35723
4.28904
4.36802
4.33991
4.39316
4.34188
4.38729
4.47089
4.43115
4.35836
4.40083
44.4461
52.6626
50.2979
48.8241
48.4355
48.606
48.3814
48.2397
47.7265
47.2825
46.6467
46.3958
46.1252
45.8436
45.655
45.3691
45.305
45.6464
45.9124
45.59
45.5038
45.435
43.9354
44.2327
10.9847
34.4991
48.3793
46.4773
46.0523
47.4113
47.3467
48.0531
48.6132
47.6374
48.9221
49.3139
49.0982
49.4095
49.6826
50.1152
50.7978
51.4092
51.0814
51.5459
51.6014
50.6238
51.0436
50.7
50.8292
51.0413
51.0015
51.347
51.6208
43.6883
4.33768
4.32749
4.39064
4.36223
4.40246
4.42375
4.36552
4.37171
4.37959
4.46022
4.36072
4.35511
4.31047
4.38188
4.31517
4.37603
4.3484
4.38538
4.38689
4.39395
4.32464
4.39775
4.28438
4.37155
4.30916
27.3104
53.0411
51.7266
49.574
48.8975
48.752
48.3597
48.125
47.8511
47.3662
47.072
46.7394
46.1581
45.7579
45.483
45.2945
45.2666
45.1652
44.936
44.7452
44.6953
44.5793
44.3289
44.2059
30.8676
4.4058
4.33195
4.38506
4.38177
4.39034
4.35316
4.40466
4.33575
4.361
4.37727
4.44067
4.3021
4.38108
4.40978
4.39407
4.42402
4.32659
4.33542
4.37028
4.34849
4.36489
4.35978
4.36153
4.48611
4.44425
4.40572
4.41629
4.31552
4.35217
4.39889
4.41102
4.33308
4.40589
4.38639
4.38555
4.35722
4.4085
4.36871
4.37773
4.36352
4.34167
4.36892
4.34236
4.35823
4.36341
4.4148
4.39248
4.36766
4.43996
4.29809
4.37421
4.33384
4.36722
4.37225
4.36213
4.35855
4.38107
28.1433
53.2582
52.1271
49.9427
49.0201
48.7373
56.1875
91.8122
88.2716
86.7584
87.2598
87.587
88.5472
89.1856
89.4283
87.9502
88.804
88.7428
89.1516
88.7178
89.6913
89.9889
89.4429
89.4773
89.28
50.0786
50.3993
50.7307
50.7573
50.9583
50.8343
51.2235
51.1968
51.1054
51.2172
4.38855
4.41311
4.41692
4.39904
4.35966
4.36705
4.39212
4.39289
4.41922
4.38488
4.37115
4.40496
4.34162
4.40368
4.4249
4.38189
4.40827
4.40788
4.38395
4.34186
4.36945
4.44572
4.37355
4.35195
4.4203
4.392
4.34137
4.36913
4.40907
4.43471
4.38618
4.40093
4.37868
4.36337
4.35078
4.36766
4.39477
4.39565
4.34083
4.38103
4.35986
4.50479
31.5227
52.9318
52.2837
49.5206
49.0093
48.7425
48.5079
48.1168
47.4402
47.0353
46.6381
46.2526
46.0615
45.6968
45.4883
45.3718
45.2678
44.9377
44.8546
44.7449
44.5353
44.474
44.3939
44.1913
44.1053
11.0367
4.34369
4.35473
4.40201
4.45216
4.41973
4.35041
4.46993
4.37981
4.37983
4.34614
4.38845
4.38143
4.41222
4.38326
4.41139
4.40252
4.39844
4.76943
4.77703
4.75908
4.76478
4.76248
4.77198
4.74221
4.71553
4.74913
4.73251
4.72427
4.74592
4.68262
4.45264
4.41718
4.43461
4.45268
4.48832
4.48801
4.43381
4.44293
4.43033
69.038
47.1066
46.4083
44.0293
45.0047
45.1682
44.7042
44.6635
44.9476
45.356
45.7684
46.1769
46.9713
46.8925
46.9071
47.2596
47.6321
47.8534
48.5737
48.0669
48.5259
49.4193
49.5194
49.4573
49.4834
49.2101
49.2372
49.9244
49.8758
4.41312
4.34443
4.42891
4.32928
53.092
52.4999
49.8588
49.3484
49.0538
49.1809
48.7488
48.21
47.402
47.0195
46.8583
46.5727
46.4925
46.1796
45.1899
45.1684
45.0236
45.0008
44.8557
44.6232
44.5204
44.5008
44.6442
44.3915
44.5779
10.9899
4.41242
4.38072
4.42822
4.31707
4.35264
4.34376
4.34232
4.41479
4.387
4.53231
4.48166
4.40218
4.34999
4.44705
4.43313
4.37731
4.4044
4.31886
4.39098
4.40351
4.45446
4.4375
4.43101
4.37076
4.38601
4.35525
4.38452
4.41297
4.37096
4.35434
4.4197
4.39937
4.38842
4.41303
4.4013
4.61847
4.32108
4.32166
4.40381
4.42627
4.33102
4.4644
4.44209
4.42936
4.44739
4.40123
4.42747
4.37634
4.35723
4.28904
4.36802
4.33991
4.39316
4.34188
4.38729
4.47089
4.43115
4.35836
4.40083
44.4461
52.6626
50.2979
48.8241
48.4355
48.606
48.3814
48.2397
47.7265
47.2825
46.6467
46.3958
46.1252
45.8436
45.655
45.3691
45.305
45.6464
45.9124
45.59
45.5038
45.435
43.9354
44.2327
10.9847
34.4991
48.3793
46.4773
46.0523
47.4113
47.3467
48.0531
48.6132
47.6374
48.9221
49.3139
49.0982
49.4095
49.6826
50.1152
50.7978
51.4092
51.0814
51.5459
51.6014
50.6238
51.0436
50.7
50.8292
51.0413
51.0015
51.347
51.6208
43.6883
4.33768
4.32749
4.39064
4.36223
4.40246
4.42375
4.36552
4.37171
4.37959
4.46022
4.36072
4.35511
4.31047
4.38188
4.31517
4.37603
4.3484
4.38538
4.38689
4.39395
4.32464
4.39775
4.28438
4.37155
4.30916
27.3104
53.0411
51.7266
49.574
48.8975
48.752
48.3597
48.125
47.8511
47.3662
47.072
46.7394
46.1581
45.7579
45.483
45.2945
45.2666
45.1652
44.936
44.7452
44.6953
44.5793
44.3289
44.2059
30.8676
4.4058
4.33195
4.38506
4.38177
4.39034
4.35316
4.40466
4.33575
4.361
4.37727
4.44067
4.3021
4.38108
4.40978
4.39407
4.42402
4.32659
4.33542
4.37028
4.34849
4.36489
4.35978
4.36153
4.48611
4.44425
4.40572
4.41629
4.31552
4.35217
4.39889
4.41102
4.33308
4.40589
4.38639
4.38555
4.35722
4.4085
4.36871
4.37773
4.36352
4.34167
4.36892
4.34236
4.35823
4.36341
4.4148
4.39248
4.36766
4.43996
4.29809
4.37421
4.33384
4.36722
4.37225
4.36213
4.35855
4.38107
28.1433
53.2582
52.1271
49.9427
49.0201
48.7373
56.1875
91.8122
88.2716
86.7584
87.2598
87.587
88.5472
89.1856
89.4283
87.9502
88.804
88.7428
89.1516
88.7178
89.6913
89.9889
89.4429
89.4773
89.28
50.0786
50.3993
50.7307
50.7573
50.9583
50.8343
51.2235
51.1968
51.1054
51.2172
4.38855
4.41311
4.41692
4.39904
4.35966
4.36705
4.39212
4.39289
4.41922
4.38488
4.37115
4.40496
4.34162
4.40368
4.4249
4.38189
4.40827
4.40788
4.38395
4.34186
4.36945
4.44572
4.37355
4.35195
4.4203
4.392
4.34137
4.36913
4.40907
4.43471
4.38618
4.40093
4.37868
4.36337
4.35078
4.36766
4.39477
4.39565
4.34083
4.38103
4.35986
4.50479
31.5227
52.9318
52.2837
49.5206
49.0093
48.7425
48.5079
48.1168
47.4402
47.0353
46.6381
46.2526
46.0615
45.6968
45.4883
45.3718
45.2678
44.9377
44.8546
44.7449
44.5353
44.474
44.3939
44.1913
44.1053
11.0367
4.34369
4.35473
4.40201
4.45216
4.41973
4.35041
4.46993
4.37981
4.37983
4.34614
4.38845
4.38143
4.41222
4.38326
4.41139
4.40252
4.39844
4.76943
4.77703
4.75908
4.76478
4.76248
4.77198
4.74221
4.71553
4.74913
4.73251
4.72427
4.74592
4.68262
4.45264
4.41718
4.43461
4.45268
4.48832
4.48801
4.43381
4.44293
4.43033
69.038
47.1066
46.4083
44.0293
45.0047
45.1682
44.7042
44.6635
44.9476
45.356
45.7684
46.1769
46.9713
46.8925
46.9071
47.2596
47.6321
47.8534
48.5737
48.0669
48.5259
49.4193
49.5194
49.4573
49.4834
49.2101
49.2372
49.9244
49.8758
4.41312
4.34443
4.42891
4.32928
53.092
52.4999
49.8588
49.3484
49.0538
49.1809
48.7488
48.21
47.402
47.0195
46.8583
46.5727
46.4925
46.1796
45.1899
45.1684
45.0236
45.0008
44.8557
44.6232
44.5204
44.5008
44.6442
44.3915
44.5779
10.9899
4.41242
4.38072
4.42822
4.31707
4.35264
4.34376
4.34232
4.41479
4.387
4.53231
4.48166
4.40218
4.34999
4.44705
4.43313
4.37731
4.4044
4.31886
4.39098
4.40351
4.45446
4.4375
4.43101
4.37076
4.38601
4.35525
4.38452
4.41297
4.37096
4.35434
4.4197
4.39937
4.38842
4.41303
4.4013
4.61847
4.32108
4.32166
4.40381
4.42627
4.33102
4.4644
4.44209
4.42936
4.44739
4.40123
4.42747
4.37634
4.35723
4.28904
4.36802
4.33991
4.39316
4.34188
4.38729
4.47089
4.43115
4.35836
4.40083
44.4461
52.6626
50.2979
48.8241
48.4355
48.606
48.3814
48.2397
47.7265
47.2825
46.6467
46.3958
46.1252
45.8436
45.655
45.3691
45.305
45.6464
45.9124
45.59
45.5038
45.435
43.9354
44.2327
10.9847
34.4991
48.3793
46.4773
46.0523
47.4113
47.3467
48.0531
48.6132
47.6374
48.9221
49.3139
49.0982
49.4095
49.6826
50.1152
50.7978
51.4092
51.0814
51.5459
51.6014
50.6238
51.0436
50.7
50.8292
51.0413
51.0015
51.347
51.6208
43.6883
4.33768
4.32749
4.39064
4.36223
4.40246
4.42375
4.36552
4.37171
4.37959
4.46022
4.36072
4.35511
4.31047
4.38188
4.31517
4.37603
4.3484
4.38538
4.38689
4.39395
4.32464
4.39775
4.28438
4.37155
4.30916
27.3104
53.0411
51.7266
49.574
48.8975
48.752
48.3597
48.125
47.8511
47.3662
47.072
46.7394
46.1581
45.7579
45.483
45.2945
45.2666
45.1652
44.936
44.7452
44.6953
44.5793
44.3289
44.2059
30.8676
4.4058
4.33195
4.38506
4.38177
4.39034
4.35316
4.40466
4.33575
4.361
4.37727
4.44067
4.3021
4.38108
4.40978
4.39407
4.42402
4.32659
4.33542
4.37028
4.34849
4.36489
4.35978
4.36153
4.48611
4.44425
4.40572
4.41629
4.31552
4.35217
4.39889
4.41102
4.33308
4.40589
4.38639
4.38555
4.35722
4.4085
4.36871
4.37773
4.36352
4.34167
4.36892
4.34236
4.35823
4.36341
4.4148
4.39248
4.36766
4.43996
4.29809
4.37421
4.33384
4.36722
4.37225
4.36213
4.35855
4.38107
28.1433
53.2582
52.1271
49.9427
49.0201
48.7373
56.1875
91.8122
88.2716
86.7584
87.2598
87.587
88.5472
89.1856
89.4283
87.9502
88.804
88.7428
89.1516
88.7178
89.6913
89.9889
89.4429
89.4773
89.28
50.0786
50.3993
50.7307
50.7573
50.9583
50.8343
51.2235
51.1968
51.1054
51.2172
4.38855
4.41311
4.41692
4.39904
4.35966
4.36705
4.39212
4.39289
4.41922
4.38488
4.37115
4.40496
4.34162
4.40368
4.4249
4.38189
4.40827
4.40788
4.38395
4.34186
4.36945
4.44572
4.37355
4.35195
4.4203
4.392
4.34137
4.36913
4.40907
4.43471
4.38618
4.40093
4.37868
4.36337
4.35078
4.36766
4.39477
4.39565
4.34083
4.38103
4.35986
4.50479
31.5227
52.9318
52.2837
49.5206
49.0093
48.7425
48.5079
48.1168
47.4402
47.0353
46.6381
46.2526
46.0615
45.6968
45.4883
45.3718
45.2678
44.9377
44.8546
44.7449
44.5353
44.474
44.3939
44.1913
44.1053
11.0367
4.34369
4.35473
4.40201
4.45216
4.41973
4.35041
4.46993
4.37981
4.37983
4.34614
4.38845
4.38143
4.41222
4.38326
4.41139
4.40252
4.39844
4.76943
4.77703
4.75908
4.76478
4.76248
4.77198
4.74221
4.71553
4.74913
4.73251
4.72427
4.74592
4.68262
4.45264
4.41718
4.43461
4.45268
4.48832
4.48801
4.43381
4.44293
4.43033
69.038
47.1066
46.4083
44.0293
45.0047
45.1682
44.7042
44.6635
44.9476
45.356
45.7684
46.1769
46.9713
46.8925
46.9071
47.2596
47.6321
47.8534
48.5737
48.0669
48.5259
49.4193
49.5194
49.4573
49.4834
49.2101
49.2372
49.9244
49.8758
4.41312
4.34443
4.42891
4.32928
53.092
52.4999
49.8588
49.3484
49.0538
49.1809
48.7488
48.21
47.402
47.0195
46.8583
46.5727
46.4925
46.1796
45.1899
45.1684
45.0236
45.0008
44.8557
44.6232
44.5204
44.5008
44.6442
44.3915
44.5779
10.9899
4.41242
4.38072
4.42822
4.31707
4.35264
4.34376
4.34232
4.41479
4.387
4.53231
4.48166
4.40218
4.34999
4.44705
4.43313
4.37731
4.4044
4.31886
4.39098
4.40351
4.45446
4.4375
4.43101
4.37076
4.38601
4.35525
4.38452
4.41297
4.37096
4.35434
4.4197
4.39937
4.38842
4.41303
4.4013
4.61847
4.32108
4.32166
4.40381
4.42627
4.33102
4.4644
4.44209
4.42936
4.44739
4.40123
4.42747
4.37634
4.35723
4.28904
4.36802
4.33991
4.39316
4.34188
4.38729
4.47089
4.43115
4.35836
4.40083
44.4461
52.6626
50.2979
48.8241
48.4355
48.606
48.3814
48.2397
47.7265
47.2825
46.6467
46.3958
46.1252
45.8436
45.655
45.3691
45.305
45.6464
45.9124
45.59
45.5038
45.435
43.9354
44.2327
10.9847
34.4991
48.3793
46.4773
46.0523
47.4113
47.3467
48.0531
48.6132
47.6374
48.9221
49.3139
49.0982
