204.769 
204.777 
204.759 
204.765 
204.762 
204.772 
204.742 
204.716 
204.749 
204.733 
204.724 
204.746 
204.683 
204.453 
204.417 
204.435 
204.453 
204.488 
204.488 
204.434 
204.443 
204.43 
269.038 
247.107 
246.408 
244.029 
245.005 
245.168 
244.704 
244.663 
244.948 
245.356 
245.768 
246.177 
246.971 
246.893 
246.907 
247.26 
247.632 
247.853 
248.574 
248.067 
248.526 
249.419 
249.519 
249.457 
249.483 
249.21 
249.237 
249.924 
249.876 
204.413 
204.344 
204.429 
204.329 
253.092 
252.5 
249.859 
249.348 
249.054 
249.181 
248.749 
248.21 
247.402 
247.02 
246.858 
246.573 
246.492 
246.18 
245.19 
245.168 
245.024 
245.001 
244.856 
244.623 
244.52 
244.501 
244.644 
244.391 
244.578 
210.99 
204.412 
204.381 
204.428 
204.317 
204.353 
204.344 
204.342 
204.415 
204.387 
204.532 
204.482 
204.402 
204.35 
204.447 
204.433 
204.377 
204.404 
204.319 
204.391 
204.404 
204.454 
204.438 
204.431 
204.371 
204.386 
204.355 
204.385 
204.413 
204.371 
204.354 
204.42 
204.399 
204.388 
204.413 
204.401 
204.618 
204.321 
204.322 
204.404 
204.426 
204.331 
204.464 
204.442 
204.429 
204.447 
204.401 
204.427 
204.376 
204.357 
204.289 
204.368 
204.34 
204.393 
204.342 
204.387 
204.471 
204.431 
204.358 
204.401 
244.446 
252.663 
250.298 
248.824 
248.436 
248.606 
248.381 
248.24 
247.727 
247.283 
246.647 
246.396 
246.125 
245.844 
245.655 
245.369 
245.305 
245.646 
245.912 
245.59 
245.504 
245.435 
243.935 
244.233 
210.985 
234.499 
248.379 
246.477 
246.052 
247.411 
247.347 
248.053 
248.613 
247.637 
248.922 
249.314 
249.098 
249.41 
249.683 
250.115 
250.798 
251.409 
251.081 
251.546 
251.601 
250.624 
251.044 
250.7 
250.829 
251.041 
251.001 
251.347 
251.621 
243.688 
204.338 
204.327 
204.391 
204.362 
204.402 
204.424 
204.366 
204.372 
204.38 
204.46 
204.361 
204.355 
204.31 
204.382 
204.315 
204.376 
204.348 
204.385 
204.387 
204.394 
204.325 
204.398 
204.284 
204.372 
204.309 
227.31 
253.041 
251.727 
249.574 
248.897 
248.752 
248.36 
248.125 
247.851 
247.366 
247.072 
246.739 
246.158 
245.758 
245.483 
245.294 
245.267 
245.165 
244.936 
244.745 
244.695 
244.579 
244.329 
244.206 
230.868 
204.406 
204.332 
204.385 
204.382 
204.39 
204.353 
204.405 
204.336 
204.361 
204.377 
204.441 
204.302 
204.381 
204.41 
204.394 
204.424 
204.327 
204.335 
204.37 
204.348 
204.365 
204.36 
204.362 
204.486 
204.444 
204.406 
204.416 
204.316 
204.352 
204.399 
204.411 
204.333 
204.406 
204.386 
204.386 
204.357 
204.408 
204.369 
204.378 
204.364 
204.342 
204.369 
204.342 
204.358 
204.363 
204.415 
204.392 
204.368 
204.44 
204.298 
204.374 
204.334 
204.367 
204.372 
204.362 
204.359 
204.381 
228.143 
253.258 
252.127 
249.943 
249.02 
248.737 
256.188 
291.812 
288.272 
286.758 
287.26 
287.587 
288.547 
289.186 
289.428 
287.95 
288.804 
288.743 
289.152 
288.718 
289.691 
289.989 
289.443 
289.477 
289.28 
250.079 
250.399 
250.731 
250.757 
250.958 
250.834 
251.223 
251.197 
251.105 
251.217 
204.389 
204.413 
204.417 
204.399 
204.36 
204.367 
204.392 
204.393 
204.419 
204.385 
204.371 
204.405 
204.342 
204.404 
204.425 
204.382 
204.408 
204.408 
204.384 
204.342 
204.369 
204.446 
204.374 
204.352 
204.42 
204.392 
204.341 
204.369 
204.409 
204.435 
204.386 
204.401 
204.379 
204.363 
204.351 
204.368 
204.395 
204.396 
204.341 
204.381 
204.36 
204.505 
231.523 
252.932 
252.284 
249.521 
249.009 
248.742 
248.508 
248.117 
247.44 
247.035 
246.638 
246.253 
246.061 
245.697 
245.488 
245.372 
245.268 
244.938 
244.855 
244.745 
244.535 
244.474 
244.394 
244.191 
244.105 
211.037 
204.344 
204.355 
204.402 
204.452 
204.42 
204.35 
204.47 
204.38 
204.38 
204.346 
204.388 
204.381 
204.412 
204.383 
204.411 
204.403 
204.398 
204.769 
204.777 
204.759 
204.765 
204.762 
204.772 
204.742 
204.716 
204.749 
204.733 
204.724 
204.746 
204.683 
204.453 
204.417 
204.435 
204.453 
204.488 
204.488 
204.434 
204.443 
204.43 
269.038 
247.107 
246.408 
244.029 
245.005 
245.168 
244.704 
244.663 
244.948 
245.356 
245.768 
246.177 
246.971 
246.893 
246.907 
247.26 
247.632 
247.853 
248.574 
248.067 
248.526 
249.419 
249.519 
249.457 
249.483 
249.21 
249.237 
249.924 
249.876 
204.413 
204.344 
204.429 
204.329 
253.092 
252.5 
249.859 
249.348 
249.054 
249.181 
248.749 
248.21 
247.402 
247.02 
246.858 
246.573 
246.492 
246.18 
245.19 
245.168 
245.024 
245.001 
244.856 
244.623 
244.52 
244.501 
244.644 
244.391 
244.578 
210.99 
204.412 
204.381 
204.428 
204.317 
204.353 
204.344 
204.342 
204.415 
204.387 
204.532 
204.482 
204.402 
204.35 
204.447 
204.433 
204.377 
204.404 
204.319 
204.391 
204.404 
204.454 
204.438 
204.431 
204.371 
204.386 
204.355 
204.385 
204.413 
204.371 
204.354 
204.42 
204.399 
204.388 
204.413 
204.401 
204.618 
204.321 
204.322 
204.404 
204.426 
204.331 
204.464 
204.442 
204.429 
204.447 
204.401 
204.427 
204.376 
204.357 
204.289 
204.368 
204.34 
204.393 
204.342 
204.387 
204.471 
204.431 
204.358 
204.401 
244.446 
252.663 
250.298 
248.824 
248.436 
248.606 
248.381 
248.24 
247.727 
247.283 
246.647 
246.396 
246.125 
245.844 
245.655 
245.369 
245.305 
245.646 
245.912 
245.59 
245.504 
245.435 
243.935 
244.233 
210.985 
234.499 
248.379 
246.477 
246.052 
247.411 
247.347 
248.053 
248.613 
247.637 
248.922 
249.314 
249.098 
249.41 
249.683 
250.115 
250.798 
251.409 
251.081 
251.546 
251.601 
250.624 
251.044 
250.7 
250.829 
251.041 
251.001 
251.347 
251.621 
243.688 
204.338 
204.327 
204.391 
204.362 
204.402 
204.424 
204.366 
204.372 
204.38 
204.46 
204.361 
204.355 
204.31 
204.382 
204.315 
204.376 
204.348 
204.385 
204.387 
204.394 
204.325 
204.398 
204.284 
204.372 
204.309 
227.31 
253.041 
251.727 
249.574 
248.897 
248.752 
248.36 
248.125 
247.851 
247.366 
247.072 
246.739 
246.158 
245.758 
245.483 
245.294 
245.267 
245.165 
244.936 
244.745 
244.695 
244.579 
244.329 
244.206 
230.868 
204.406 
204.332 
204.385 
204.382 
204.39 
204.353 
204.405 
204.336 
204.361 
204.377 
204.441 
204.302 
204.381 
204.41 
204.394 
204.424 
204.327 
204.335 
204.37 
204.348 
204.365 
204.36 
204.362 
204.486 
204.444 
204.406 
204.416 
204.316 
204.352 
204.399 
204.411 
204.333 
204.406 
204.386 
204.386 
204.357 
204.408 
204.369 
204.378 
204.364 
204.342 
204.369 
204.342 
204.358 
204.363 
204.415 
204.392 
204.368 
204.44 
204.298 
204.374 
204.334 
204.367 
204.372 
204.362 
204.359 
204.381 
228.143 
253.258 
252.127 
249.943 
249.02 
248.737 
256.188 
291.812 
288.272 
286.758 
287.26 
287.587 
288.547 
289.186 
289.428 
287.95 
288.804 
288.743 
289.152 
288.718 
289.691 
289.989 
289.443 
289.477 
289.28 
250.079 
250.399 
250.731 
250.757 
250.958 
250.834 
251.223 
251.197 
251.105 
251.217 
204.389 
204.413 
204.417 
204.399 
204.36 
204.367 
204.392 
204.393 
204.419 
204.385 
204.371 
204.405 
204.342 
204.404 
204.425 
204.382 
204.408 
204.408 
204.384 
204.342 
204.369 
204.446 
204.374 
204.352 
204.42 
204.392 
204.341 
204.369 
204.409 
204.435 
204.386 
204.401 
204.379 
204.363 
204.351 
204.368 
204.395 
204.396 
204.341 
204.381 
204.36 
204.505 
231.523 
252.932 
252.284 
249.521 
249.009 
248.742 
248.508 
248.117 
247.44 
247.035 
246.638 
246.253 
246.061 
245.697 
245.488 
245.372 
245.268 
244.938 
244.855 
244.745 
244.535 
244.474 
244.394 
244.191 
244.105 
211.037 
204.344 
204.355 
204.402 
204.452 
204.42 
204.35 
204.47 
204.38 
204.38 
204.346 
204.388 
204.381 
204.412 
204.383 
204.411 
273.283 
1580.7 
1556.47 
2999.73 
2996.83 
1581.25 
1575.62 
2998.68 
2997.25 
1578.71 
1574.54 
3003.68 
3007.37 
1601.32 
1576.88 
1580.65 
1580.99 
284.267 
1789.09 
284.195 
1581.31 
1569.95 
1783.63 
283.789 
1643.75 
1610.78 
1824.37 
323.521 
1617.2 
1621.37 
1621.27 
324.496 
1829.59 
325.063 
1622.59 
1611.7 
1826.16 
326.252 
1621.62 
1610.93 
1825.59 
327.345 
1620.77 
1624.27 
1625.1 
329.252 
1834.16 
329.164 
1626.3 
1614.73 
1828.43 
329.284 
1624.59 
1568.08 
1782.3 
283.921 
1576.53 
1629.29 
1629.07 
329.691 
249.348 
249.054 
249.181 
248.749 
248.21 
247.402 
247.02 
246.858 
246.573 
246.492 
246.18 
245.19 
245.168 
245.024 
245.001 
244.856 
244.623 
244.52 
244.501 
244.644 
244.391 
244.578 
210.99 
204.412 
204.381 
204.428 
204.317 
204.353 
204.344 
204.342 
204.415 
204.387 
204.532 
204.482 
204.402 
204.35 
204.447 
204.433 
204.377 
204.404 
204.319 
204.391 
204.404 
204.454 
204.438 
204.431 
204.371 
204.386 
204.355 
204.385 
204.413 
204.371 
204.354 
204.42 
204.399 
204.388 
204.413 
204.401 
204.618 
204.321 
204.322 
204.404 
204.426 
204.331 
204.464 
204.442 
204.429 
204.447 
204.401 
204.427 
204.376 
204.357 
204.289 
204.368 
204.34 
204.393 
204.342 
204.387 
204.471 
204.431 
204.358 
204.401 
244.446 
252.663 
250.298 
248.824 
248.436 
248.606 
248.381 
248.24 
247.727 
247.283 
246.647 
246.396 
246.125 
245.844 
245.655 
245.369 
245.305 
245.646 
245.912 
245.59 
245.504 
245.435 
243.935 
244.233 
210.985 
234.499 
248.379 
246.477 
246.052 
247.411 
247.347 
248.053 
248.613 
247.637 
248.922 
249.314 
249.098 
249.41 
249.683 
250.115 
250.798 
251.409 
251.081 
251.546 
251.601 
250.624 
251.044 
250.7 
250.829 
251.041 
251.001 
251.347 
251.621 
243.688 
204.338 
204.327 
204.391 
204.362 
204.402 
204.424 
204.366 
204.372 
204.38 
204.46 
204.361 
204.355 
204.31 
204.382 
204.315 
204.376 
204.348 
204.385 
204.387 
204.394 
204.325 
204.398 
204.284 
204.372 
204.309 
227.31 
253.041 
251.727 
249.574 
248.897 
248.752 
248.36 
248.125 
247.851 
247.366 
247.072 
246.739 
246.158 
245.758 
245.483 
245.294 
245.267 
245.165 
244.936 
244.745 
244.695 
244.579 
244.329 
244.206 
230.868 
204.406 
204.332 
204.385 
204.382 
204.39 
204.353 
204.405 
204.336 
204.361 
204.377 
204.441 
204.302 
204.381 
204.41 
204.394 
204.424 
204.327 
204.335 
204.37 
204.348 
204.365 
204.36 
204.362 
204.486 
204.444 
204.406 
204.416 
204.316 
204.352 
204.399 
204.411 
204.333 
204.406 
204.386 
204.386 
204.357 
204.408 
204.369 
204.378 
204.364 
204.342 
204.369 
204.342 
204.358 
204.363 
204.415 
204.392 
204.368 
204.44 
204.298 
204.374 
204.334 
204.367 
204.372 
204.362 
204.359 
204.381 
228.143 
253.258 
252.127 
249.943 
249.02 
248.737 
256.188 
291.812 
288.272 
286.758 
287.26 
287.587 
288.547 
289.186 
289.428 
287.95 
288.804 
288.743 
289.152 
288.718 
289.691 
289.989 
289.443 
289.477 
289.28 
250.079 
250.399 
250.731 
250.757 
250.958 
250.834 
251.223 
251.197 
251.105 
251.217 
204.389 
204.413 
204.417 
204.399 
204.36 
204.367 
204.392 
204.393 
204.419 
204.385 
204.371 
204.405 
204.342 
204.404 
204.425 
204.382 
204.408 
204.408 
204.384 
204.342 
204.369 
204.446 
204.374 
204.352 
204.42 
204.392 
204.341 
204.369 
204.409 
204.435 
204.386 
204.401 
204.379 
204.363 
204.351 
204.368 
204.395 
204.396 
204.341 
204.381 
204.36 
204.505 
231.523 
252.932 
252.284 
249.521 
249.009 
248.742 
248.508 
248.117 
247.44 
247.035 
246.638 
246.253 
246.061 
245.697 
245.488 
245.372 
245.268 
244.938 
244.855 
244.745 
244.535 
244.474 
244.394 
244.191 
244.105 
211.037 
204.344 
204.355 
204.402 
204.452 
204.42 
204.35 
204.47 
204.38 
204.38 
204.346 
204.388 
204.381 
204.412 
204.383 
564.411 
564.403 
564.398 
564.769 
564.777 
564.759 
564.765 
564.762 
564.772 
564.742 
564.716 
564.749 
564.733 
564.724 
564.746 
564.683 
564.453 
564.417 
564.435 
564.453 
564.488 
564.488 
564.434 
564.443 
564.43 
629.038 
607.107 
606.408 
604.029 
605.005 
605.168 
604.704 
604.664 
604.948 
605.356 
605.768 
606.177 
606.971 
606.893 
606.907 
607.26 
607.632 
607.853 
608.574 
608.067 
608.526 
609.419 
609.519 
609.457 
609.483 
609.21 
609.237 
609.924 
609.876 
564.413 
564.344 
564.429 
564.329 
613.092 
612.5 
609.859 
609.348 
609.054 
609.181 
608.749 
608.21 
607.402 
607.02 
606.858 
606.573 
606.492 
606.18 
605.19 
605.168 
605.024 
605.001 
604.856 
604.623 
604.52 
604.501 
604.644 
604.391 
604.578 
570.99 
564.412 
564.381 
564.428 
564.317 
564.353 
564.344 
564.342 
564.415 
564.387 
564.532 
564.482 
564.402 
564.35 
564.447 
564.433 
564.377 
564.404 
564.319 
564.391 
564.404 
564.454 
564.438 
564.431 
564.371 
564.386 
564.355 
564.385 
564.413 
564.371 
564.354 
564.42 
564.399 
564.388 
564.413 
564.401 
564.618 
564.321 
564.322 
564.404 
564.426 
564.331 
204.464 
204.442 
204.429 
204.447 
204.401 
204.427 
204.376 
204.357 
204.289 
204.368 
204.34 
204.393 
204.342 
204.387 
204.471 
204.431 
204.358 
204.401 
244.446 
252.663 
250.298 
248.824 
248.436 
248.606 
248.381 
248.24 
247.727 
247.283 
246.647 
246.396 
246.125 
245.844 
245.655 
245.369 
245.305 
245.646 
245.912 
245.59 
245.504 
245.435 
243.935 
244.233 
210.985 
234.499 
248.379 
246.477 
246.052 
247.411 
247.347 
248.053 
248.613 
247.637 
248.922 
249.314 
249.098 
249.098 
