0 9.44834
1 71.6874
2 1979.31
3 2061.34
4 2098.81
5 2107.48
6 2091.68
7 2111.47
8 2055.45
9 2074.5
10 2081.47
11 2090.73
12 2099.03
13 2097.83
14 2053.21
15 2056.76
16 2067.06
17 2105.88
18 2087.48
19 1990.57
20 2074.77
21 69.736
22 117.299
23 16.774
24 147.432
25 139.412
26 51.1592
27 218.815
28 137.797
29 419.227
30 349.559
31 122.515
32 105.351
33 135.165
34 103.563
35 129.175
36 122.387
37 423.564
38 377.249
39 116.783
40 120.209
41 17.002
42 131.341
43 62.8565
44 32.2397
45 32.1248
46 111.633
47 347.77
48 363.887
49 432.365
50 407.052
51 32.7236
52 529.919
53 430.117
54 438.038
55 415.393
56 433.287
57 38.8218
58 9.54581
