  0.0000000e+000	
  0.0000000e+000	
  0.0000000e+000	
  0.0000000e+000	
  0.0000000e+000	
  0.0000000e+000	
  0.0000000e+000	
  0.0000000e+000	
  0.0000000e+000	
  3.3624280e-002	
  5.6527628e-002	
  4.5429592e-002	
  4.3301568e-001	
  0.0000000e+000	
  0.0000000e+000	
  0.0000000e+000	
  0.0000000e+000	
  0.0000000e+000	
  0.0000000e+000	
  0.0000000e+000	
  0.0000000e+000	
  0.0000000e+000	
  0.0000000e+000	
  0.0000000e+000	
  0.0000000e+000	
  0.0000000e+000	
  0.0000000e+000	
  0.0000000e+000	
  0.0000000e+000	
  0.0000000e+000	
  0.0000000e+000	
  0.0000000e+000	
  0.0000000e+000	
  0.0000000e+000	
  0.0000000e+000	
  3.2727325e-001	
  2.8969401e-001	
  3.7238506e-001	
  7.5824999e-001	
  4.5679696e-001	
  6.4044649e-001	
  1.7477963e-001	
  3.4622448e-001	
  0.0000000e+000	
  0.0000000e+000	
  0.0000000e+000	
  0.0000000e+000	
  0.0000000e+000	
  0.0000000e+000	
  0.0000000e+000	
  0.0000000e+000	
  0.0000000e+000	
  0.0000000e+000	
  0.0000000e+000	
  0.0000000e+000	
  0.0000000e+000	
  0.0000000e+000	
  0.0000000e+000	
  0.0000000e+000	
  0.0000000e+000	
  0.0000000e+000	
  0.0000000e+000	
  0.0000000e+000	
  0.0000000e+000	
  0.0000000e+000	
  0.0000000e+000	
  0.0000000e+000	
  1.8778650e-001	
  0.0000000e+000	
  0.0000000e+000	
  0.0000000e+000	
  0.0000000e+000	
  0.0000000e+000	
  0.0000000e+000	
  0.0000000e+000	
  0.0000000e+000	
  0.0000000e+000	
  0.0000000e+000	
  0.0000000e+000	
  0.0000000e+000	
  2.1990092e-001	
  7.5605555e-001	
  9.0305020e-001	
  9.7434404e-001	
  1.0113229e+000	
  1.0333718e+000	
  1.0382015e+000	
  7.9176980e-001	
  4.6545610e-001	
  8.3589961e-001	
  6.2778609e-001	
  5.2363943e-001	
  1.2200435e-001	
  0.0000000e+000	
  0.0000000e+000	
  0.0000000e+000	
  0.0000000e+000	
  0.0000000e+000	
  0.0000000e+000	
  0.0000000e+000	
  0.0000000e+000	
  0.0000000e+000	
  0.0000000e+000	
  0.0000000e+000	
  0.0000000e+000	
  2.3985902e-001	
  5.9502958e-001	
  5.2507391e-001	
  4.5321630e-001	
  3.8909875e-001	
  5.9169725e-001	
  7.4064965e-001	
  8.8637325e-001	
  1.1141848e-001	
  1.3192291e-001	
  6.2136340e-001	
  1.5971966e-001	
  0.0000000e+000	
  0.0000000e+000	
  0.0000000e+000	
  0.0000000e+000	
  0.0000000e+000	
  0.0000000e+000	
  0.0000000e+000	
  0.0000000e+000	
  0.0000000e+000	
  0.0000000e+000	
  0.0000000e+000	
  0.0000000e+000	
  0.0000000e+000	
  0.0000000e+000	
  0.0000000e+000	
  0.0000000e+000	
  1.7317622e-001	
  3.9674832e-001	
  4.4090830e-001	
  3.4910163e-001	
  2.1459015e-001	
  0.0000000e+000	
  2.1460321e-002	
  8.4821051e-003	
  0.0000000e+000	
  0.0000000e+000	
  0.0000000e+000	
  0.0000000e+000	
  0.0000000e+000	
  0.0000000e+000	
  0.0000000e+000	
  0.0000000e+000	
  0.0000000e+000	
  0.0000000e+000	
  0.0000000e+000	
  4.8090522e-002	
  2.8473209e-001	
  2.2958278e-001	
  2.6183521e-001	
  6.1297650e-001	
  6.5376655e-001	
  2.5610784e-001	
  2.1859261e-002	
  2.6436569e-002	
  2.1908495e-002	
  0.0000000e+000	
  0.0000000e+000	
  0.0000000e+000	
  0.0000000e+000	
  0.0000000e+000	
  0.0000000e+000	
  0.0000000e+000
