  0.0000000e+000	
  0.0000000e+000	
  0.0000000e+000	
  0.0000000e+000	
  0.0000000e+000	
  0.0000000e+000	
  0.0000000e+000	
  0.0000000e+000	
  0.0000000e+000	
  0.0000000e+000	
  0.0000000e+000	
  0.0000000e+000	
  0.0000000e+000	
  0.0000000e+000	
  1.3822731e-001	
  3.8900998e-001	
  1.0575123e-001	
  0.0000000e+000	
  0.0000000e+000	
  0.0000000e+000	
  0.0000000e+000	
  0.0000000e+000	
  0.0000000e+000	
  0.0000000e+000	
  0.0000000e+000	
  0.0000000e+000	
  0.0000000e+000	
  0.0000000e+000	
  0.0000000e+000	
  0.0000000e+000	
  0.0000000e+000	
  0.0000000e+000	
  0.0000000e+000	
  5.6453399e-002	
  2.8179676e-001	
  6.0633673e-001	
  6.8872687e-001	
  7.7915971e-001	
  6.1061895e-001	
  3.5278539e-001	
  5.4021961e-003	
  0.0000000e+000	
  0.0000000e+000	
  0.0000000e+000	
  0.0000000e+000	
  0.0000000e+000	
  0.0000000e+000	
  0.0000000e+000	
  0.0000000e+000	
  0.0000000e+000	
  0.0000000e+000	
  0.0000000e+000	
  0.0000000e+000	
  0.0000000e+000	
  0.0000000e+000	
  0.0000000e+000	
  5.5026187e-001	
  8.1051514e-001	
  9.1040199e-001	
  9.4460376e-001	
  9.6570482e-001	
  9.4601691e-001	
  8.8918092e-001	
  7.6857395e-001	
  4.0797822e-001	
  0.0000000e+000	
  0.0000000e+000	
  0.0000000e+000	
  0.0000000e+000	
  0.0000000e+000	
  0.0000000e+000	
  0.0000000e+000	
  0.0000000e+000	
  0.0000000e+000	
  0.0000000e+000	
  0.0000000e+000	
  0.0000000e+000	
  0.0000000e+000	
  0.0000000e+000	
  0.0000000e+000	
  1.3484359e-001	
  6.9163075e-001	
  9.0277031e-001	
  9.5993511e-001	
  9.6416778e-001	
  9.3881423e-001	
  8.7648044e-001	
  7.5470133e-001	
  4.2579479e-001	
  0.0000000e+000	
  0.0000000e+000	
  0.0000000e+000	
  0.0000000e+000	
  0.0000000e+000	
  0.0000000e+000	
  0.0000000e+000	
  0.0000000e+000	
  0.0000000e+000	
  0.0000000e+000	
  0.0000000e+000	
  0.0000000e+000	
  0.0000000e+000	
  0.0000000e+000	
  0.0000000e+000	
  4.9047311e-002	
  2.3174868e-001	
  6.3706094e-001	
  9.4753812e-001	
  9.6768455e-001	
  9.5371055e-001	
  9.0744760e-001	
  8.0643654e-001	
  4.7820474e-001	
  0.0000000e+000	
  0.0000000e+000	
  0.0000000e+000	
  0.0000000e+000	
  0.0000000e+000	
  0.0000000e+000	
  0.0000000e+000	
  0.0000000e+000	
  0.0000000e+000	
  0.0000000e+000	
  0.0000000e+000	
  0.0000000e+000	
  0.0000000e+000	
  0.0000000e+000	
  0.0000000e+000	
  3.2802375e-002	
  1.4756626e-001	
  5.1618971e-001	
  9.3688912e-001	
  9.7381022e-001	
  9.5757002e-001	
  9.0692875e-001	
  8.0539421e-001	
  4.9721984e-001	
  0.0000000e+000	
  0.0000000e+000	
  0.0000000e+000	
  0.0000000e+000	
  0.0000000e+000	
  0.0000000e+000	
  0.0000000e+000	
  0.0000000e+000	
  0.0000000e+000	
  0.0000000e+000	
  0.0000000e+000	
  0.0000000e+000	
  0.0000000e+000	
  0.0000000e+000	
  0.0000000e+000	
  0.0000000e+000	
  0.0000000e+000	
  0.0000000e+000	
  0.0000000e+000	
  0.0000000e+000	
  0.0000000e+000	
  0.0000000e+000	
  0.0000000e+000	
  0.0000000e+000	
  0.0000000e+000	
  0.0000000e+000	
  0.0000000e+000	
  0.0000000e+000	
  0.0000000e+000	
  0.0000000e+000	
  0.0000000e+000
