  0.0000000e+000	
  0.0000000e+000	
  0.0000000e+000	
  0.0000000e+000	
  0.0000000e+000	
  0.0000000e+000	
  0.0000000e+000	
  1.3324244e-001	
  5.0820314e-001	
  6.8049274e-001	
  7.8511742e-001	
  8.2630264e-001	
  8.4768036e-001	
  8.6307280e-001	
  8.6297993e-001	
  6.8340534e-001	
  7.2435515e-001	
  7.1747632e-001	
  7.1116513e-001	
  6.2248664e-001	
  4.0523746e-001	
  0.0000000e+000	
  0.0000000e+000	
  0.0000000e+000	
  0.0000000e+000	
  0.0000000e+000	
  0.0000000e+000	
  0.0000000e+000	
  0.0000000e+000	
  0.0000000e+000	
  0.0000000e+000	
  1.9534514e-001	
  5.3811633e-001	
  7.4021979e-001	
  8.2179116e-001	
  8.6004201e-001	
  8.9184863e-001	
  9.0930493e-001	
  9.2232280e-001	
  9.2128790e-001	
  8.9871476e-001	
  8.4918186e-001	
  7.8856697e-001	
  6.8428057e-001	
  4.5259866e-001	
  8.4948177e-003	
  0.0000000e+000	
  0.0000000e+000	
  0.0000000e+000	
  0.0000000e+000	
  0.0000000e+000	
  0.0000000e+000	
  0.0000000e+000	
  0.0000000e+000	
  0.0000000e+000	
  1.5203874e-001	
  5.3752347e-001	
  7.1463752e-001	
  7.9777050e-001	
  8.4733540e-001	
  8.6219056e-001	
  8.7415737e-001	
  8.7634976e-001	
  8.6871377e-001	
  8.4315380e-001	
  8.1100587e-001	
  7.5988884e-001	
  6.7040008e-001	
  4.1375688e-001	
  0.0000000e+000	
  0.0000000e+000	
  0.0000000e+000	
  0.0000000e+000	
  0.0000000e+000	
  0.0000000e+000	
  0.0000000e+000	
  0.0000000e+000	
  0.0000000e+000	
  0.0000000e+000	
  1.4989731e-001	
  5.1857958e-001	
  6.7729411e-001	
  7.6547595e-001	
  8.3497924e-001	
  8.4934281e-001	
  8.8213024e-001	
  8.7900304e-001	
  8.7564959e-001	
  8.5308184e-001	
  8.0204141e-001	
  7.2968316e-001	
  6.0796998e-001	
  3.2404500e-001	
  0.0000000e+000	
  0.0000000e+000	
  0.0000000e+000	
  0.0000000e+000	
  0.0000000e+000	
  0.0000000e+000	
  0.0000000e+000	
  0.0000000e+000	
  0.0000000e+000	
  0.0000000e+000	
  0.0000000e+000	
  3.6769636e-001	
  5.4666171e-001	
  6.7358266e-001	
  6.8118192e-001	
  7.1669331e-001	
  5.5860934e-001	
  7.3173743e-001	
  7.4594414e-001	
  7.1871354e-001	
  6.6232302e-001	
  5.1790010e-001	
  1.8750930e-001	
  0.0000000e+000	
  0.0000000e+000	
  0.0000000e+000	
  0.0000000e+000	
  0.0000000e+000	
  0.0000000e+000	
  0.0000000e+000	
  0.0000000e+000	
  0.0000000e+000	
  0.0000000e+000	
  0.0000000e+000	
  4.5813683e-003	
  3.3297585e-001	
  5.3448030e-001	
  6.3713765e-001	
  7.0120790e-001	
  7.6604920e-001	
  7.7190995e-001	
  7.8299064e-001	
  7.7624098e-001	
  7.1460304e-001	
  6.6219051e-001	
  5.6760365e-001	
  4.6441948e-001	
  2.0157843e-001	
  0.0000000e+000	
  0.0000000e+000	
  0.0000000e+000	
  0.0000000e+000	
  0.0000000e+000	
  0.0000000e+000	
  0.0000000e+000	
  0.0000000e+000	
  0.0000000e+000	
  0.0000000e+000	
  2.7971352e-002	
  3.6214858e-001	
  5.7372113e-001	
  6.7298344e-001	
  7.1491256e-001	
  7.8222228e-001	
  8.2338735e-001	
  8.1210713e-001	
  6.8114626e-001	
  6.4842853e-001	
  6.1811036e-001	
  5.3604676e-001	
  4.2678767e-001	
  2.8076133e-001	
  0.0000000e+000	
  0.0000000e+000	
  0.0000000e+000	
  0.0000000e+000
