  0.0000000e+000	
  0.0000000e+000	
  0.0000000e+000	
  0.0000000e+000	
  0.0000000e+000	
  0.0000000e+000	
  0.0000000e+000	
  0.0000000e+000	
  0.0000000e+000	
  0.0000000e+000	
  0.0000000e+000	
  0.0000000e+000	
  0.0000000e+000	
  2.1462691e-002	
  5.6194544e-001	
  3.3666887e-001	
  4.8663172e-001	
  3.2481271e-001	
  6.1411396e-001	
  5.1567129e-001	
  0.0000000e+000	
  0.0000000e+000	
  0.0000000e+000	
  0.0000000e+000	
  0.0000000e+000	
  0.0000000e+000	
  0.0000000e+000	
  0.0000000e+000	
  0.0000000e+000	
  0.0000000e+000	
  0.0000000e+000	
  0.0000000e+000	
  0.0000000e+000	
  0.0000000e+000	
  4.5916862e-001	
  7.3252993e-001	
  8.3037392e-001	
  9.0008923e-001	
  7.2515454e-001	
  6.3454761e-001	
  3.5913870e-001	
  3.7171506e-001	
  5.5971181e-002	
  3.5600611e-001	
  0.0000000e+000	
  0.0000000e+000	
  0.0000000e+000	
  0.0000000e+000	
  0.0000000e+000	
  0.0000000e+000	
  0.0000000e+000	
  0.0000000e+000	
  0.0000000e+000	
  0.0000000e+000	
  0.0000000e+000	
  0.0000000e+000	
  0.0000000e+000	
  1.1336557e-001	
  6.2474960e-001	
  7.9316744e-001	
  8.8573159e-001	
  9.3242192e-001	
  9.5524608e-001	
  9.5022911e-001	
  9.3055025e-001	
  8.7276975e-001	
  8.0338378e-001	
  6.3887906e-001	
  1.9062217e-001	
  0.0000000e+000	
  0.0000000e+000	
  0.0000000e+000	
  0.0000000e+000	
  0.0000000e+000	
  0.0000000e+000	
  0.0000000e+000	
  0.0000000e+000	
  0.0000000e+000	
  0.0000000e+000	
  0.0000000e+000	
  0.0000000e+000	
  6.9519311e-002	
  5.7109952e-001	
  7.5642357e-001	
  8.5623651e-001	
  9.1362831e-001	
  9.2748112e-001	
  9.3433561e-001	
  9.0718138e-001	
  8.6186854e-001	
  7.8232549e-001	
  6.0942148e-001	
  1.5952391e-001	
  0.0000000e+000	
  0.0000000e+000	
  0.0000000e+000	
  0.0000000e+000	
  0.0000000e+000	
  0.0000000e+000	
  0.0000000e+000	
  0.0000000e+000	
  0.0000000e+000	
  0.0000000e+000	
  0.0000000e+000	
  0.0000000e+000	
  5.5524514e-002	
  5.6615376e-001	
  7.6708033e-001	
  8.5616024e-001	
  9.0127356e-001	
  9.1901492e-001	
  9.2524757e-001	
  9.1934771e-001	
  8.7811639e-001	
  7.8247675e-001	
  6.1665326e-001	
  1.6006570e-001	
  0.0000000e+000	
  0.0000000e+000	
  0.0000000e+000	
  0.0000000e+000	
  0.0000000e+000	
  0.0000000e+000	
  0.0000000e+000	
  0.0000000e+000	
  0.0000000e+000	
  0.0000000e+000	
  0.0000000e+000	
  0.0000000e+000	
  5.2125065e-002	
  5.2483420e-001	
  7.4051886e-001	
  8.0033813e-001	
  8.8009062e-001	
  8.5828034e-001	
  7.0745056e-001	
  7.4672134e-001	
  8.3157117e-001	
  7.7138528e-001	
  5.9602752e-001	
  1.4246331e-001	
  0.0000000e+000	
  0.0000000e+000	
  0.0000000e+000	
  0.0000000e+000	
  0.0000000e+000	
  0.0000000e+000	
  0.0000000e+000	
  0.0000000e+000	
  0.0000000e+000	
  0.0000000e+000	
  0.0000000e+000	
  0.0000000e+000	
  7.4561385e-002	
  5.9575107e-001	
  7.4312625e-001	
  8.7306192e-001	
  9.3388980e-001	
  9.6578961e-001	
  9.6017924e-001	
  9.1695978e-001	
  8.8681141e-001	
  8.3226250e-001	
  6.6255896e-001	
  1.6336862e-001	
  0.0000000e+000	
  0.0000000e+000	
  0.0000000e+000	
  0.0000000e+000
