0
0
0
0
0
0
0
75
569.4445
891.6667
958.3333
1013.889
966.6667
1194.444
822.2222
483.3333
61.11111
0
0
0
0
0
0
0
0
0
0
0
0
0
0
47.22222
411.1111
755.5555
1350
1680.556
1402.778
1233.333
894.4444
475
52.77778
0
0
0
0
0
0
0
0
0
0
0
0
0
0
41.66667
263.8889
558.3333
608.3333
527.7778
419.4444
391.6667
211.1111
102.7778
8.333333
0
0
0
0
0
0
0
0
0
0
0
0
0
0
16.66667
197.2222
380.5556
805.5556
872.2222
722.2222
458.3333
288.8889
166.6667
27.77778
0
0
0
0
0
0
0
0
0
0
0
0
0
0
55.55556
413.8889
916.6667
1047.222
1277.778
1397.222
911.1111
527.7778
275
25
0
0
0
0
0
0
0
0
0
0
0
0
0
0
55.55556
544.4445
1119.444
1227.778
1516.667
1755.556
1513.889
1061.111
602.7778
63.88889
0
0
0
0
0
0
0
0
0
0
0
0
0
0
27.77778
241.6667
327.7778
547.2222
655.5556
763.8889
477.7778
338.8889
219.4444
25
0
0
0
0
0
0
0
0
0
0
0
0
0
0
72.22222
700
1602.778
2088.889
2358.333
2488.889
2152.778
1288.889
555.5556
75
0
0
0
0
0
0
0
0
0
0
0
0
0
0
116.6667
747.2222
1577.778
2127.778
2380.556
2197.222
2300
1350
777.7778
111.1111
0
0
0
0
0
0
0
0
0
0
0
0
0
0
77.77778
563.8889
1152.778
1713.889
1805.556
1527.778
1161.111
719.4444
275
30.55556
0
0
0
0
0
0
0
0
0
0
0
0
0
0
44.44444
488.8889
1155.556
1980.556
2397.222
2308.333
2119.444
1316.667
747.2222
72.22222
0
0
0
0
0
0
0
0
0
0
0
0
0
0
16.66667
125
241.6667
375
283.3333
277.7778
205.5556
336.1111
91.66667
22.22222
0
0
0
0
0
0
0
0
0
0
0
0
0
0
69.44445
377.7778
666.6667
800
972.2222
936.1111
586.1111
411.1111
175
22.22222
0
0
0
0
0
0
0
0
0
0
0
0
0
0
72.22222
438.8889
836.1111
1019.444
1647.222
1736.111
1341.667
930.5556
641.6667
133.3333
0
0
0
0
0
0
0
0
0
0
0
0
0
0
122.2222
580.5556
1191.667
2008.333
2383.333
2200
1719.444
1155.556
580.5556
66.66667
0
0
0
0
0
0
0
0
0
0
0
0
0
0
66.66667
380.5556
697.2222
963.8889
947.2222
669.4444
597.2222
413.8889
350
77.77778
0
0
0
0
0
0
0
0
0
0
0
0
0
0
83.33333
375
697.2222
900
1366.667
1244.444
1019.444
783.3333
438.8889
69.44444
0
0
0
0
0
0
0
0
0
0
0
0
0
0
77.77778
408.3333
802.7778
1647.222
1450
1855.556
1477.778
1044.444
475
88.88889
0
0
0
0
0
0
0
0
0
0
0
0
0
0
52.77778
247.2222
600
933.3333
988.8889
819.4444
916.6667
625
380.5556
69.44444
0
0
0
0
0
0
0
0
0
0
0
0
0
0
130.5556
594.4444
997.2222
1313.889
1766.667
2155.556
1886.111
1430.556
772.2222
166.6667
0
0
0
0
0
0
0
0
0
0
0
0
0
0
141.6667
755.5556
1258.333
1658.333
2022.222
1586.111
1286.111
1388.889
577.7778
144.4444
0
0
0
0
0
0
0
0
0
0
0
0
0
0
130.5556
672.2222
1341.667
1916.667
2000
1902.778
1533.333
1138.889
663.8889
88.88889
0
0
0
0
0
0
0
0
0
0
0
0
0
0
108.3333
475
1052.778
1275
1680.556
1694.444
1355.556
675
327.7778
63.88889
0
0
0
0
0
0
0
0
0
0
0
0
0
0
88.88889
461.1111
972.2222
1394.444
1497.222
1638.889
1469.444
1266.667
733.3333
194.4444
0
0
0
0
0
0
0
0
0
0
0
0
0
0
191.6667
975
1619.444
2411.111
2566.667
2450
2455.556
1536.111
852.7778
183.3333
0
0
0
0
0
0
0
0
0
0
0
0
0
0
113.8889
647.2222
1197.222
2075
2377.778
2213.889
1886.111
1522.222
905.5555
177.7778
0
0
0
0
0
0
0
0
0
0
0
0
0
0
194.4444
838.8889
1455.556
2172.222
2416.667
2600
1983.333
1430.556
655.5556
186.1111
0
0
0
0
0
0
0
0
0
0
0
0
0
0
266.6667
1102.778
1727.778
2200
2433.333
2683.333
2213.889
1561.111
966.6667
219.4444
0
0
0
0
0
0
0
0
0
0
0
0
0
0
230.5556
1061.111
1780.556
2386.111
2761.111
2691.667
2197.222
1525
863.8889
213.8889
0
0
0
0
0
0
0
0
0
0
0
0
0
0
227.7778
900
1555.556
2216.667
2475
2580.556
2213.889
1769.444
938.8889
219.4444
0
0
0
0
0
0
0
0
0
0
0
0
0
0
216.6667
819.4445
1383.333
1616.667
2019.444
1813.889
1480.556
1086.111
686.1111
191.6667
0
0
0
0
0
0
0
0
0
0
0
0
0
0
375
1244.444
2152.778
2402.778
2908.333
3213.889
2850
2169.444
1286.111
305.5556
0
0
0
0
0
0
0
0
0
0
0
0
0
0
333.3333
1388.889
2355.556
3075
3469.444
3491.667
3086.111
2397.222
1411.111
386.1111
0
0
0
0
0
0
0
0
0
0
0
0
0
0
366.6667
1222.222
1972.222
2633.333
3219.444
3072.222
2575
1850
861.1111
180.5556
0
0
0
0
0
0
0
0
0
0
0
0
0
0
63.88889
369.4444
627.7778
1100
1391.667
880.5555
600
411.1111
227.7778
94.44444
0
0
0
0
0
0
0
0
0
0
0
0
0
0
258.3333
1077.778
1561.111
2394.444
2600
2838.889
2525
2063.889
1233.333
333.3333
0
0
0
0
0
0
0
0
0
0
0
0
0
0
333.3333
827.7778
1641.667
2436.111
2588.889
2922.222
2561.111
1802.778
1091.667
341.6667
0
0
0
0
0
0
0
0
0
0
0
0
0
2.777778
311.1111
711.1111
1050
1375
1658.333
1777.778
1338.889
1144.444
622.2222
191.6667
0
0
0
0
0
0
0
0
0
0
0
0
0
0
72.22222
250
588.8889
833.3333
897.2222
1255.556
1391.667
1372.222
475
166.6667
2.777778
0
0
0
0
0
0
0
0
0
0
0
0
2.777778
344.4444
997.2222
1350
2002.778
2741.667
2594.444
2236.111
1522.222
925
322.2222
2.777778
0
0
0
0
0
0
0
0
0
0
0
0
5.555556
277.7778
800
1502.778
1930.556
2116.667
2313.889
2033.333
1641.667
1036.111
247.2222
0
0
0
0
0
0
0
0
0
0
0
0
0
5.555556
469.4444
1463.889
2113.889
2500
2419.444
2355.556
2561.111
2069.444
1297.222
413.8889
8.333333
0
0
0
0
0
0
0
0
0
0
0
0
8.333333
375
1058.333
1825
2486.111
2138.889
2086.111
1744.444
1322.222
775
300
2.777778
0
0
0
0
0
0
0
0
0
0
0
0
8.333333
388.8889
1075
1669.444
2088.889
2322.222
2272.222
2052.778
1655.556
1086.111
388.8889
11.11111
0
0
0
0
0
0
0
0
0
0
0
0
13.88889
441.6667
1094.444
1519.444
1702.778
2138.889
2152.778
2047.222
1647.222
1052.778
344.4444
8.333333
0
0
0
0
0
0
0
0
0
0
0
0
0
91.66667
333.3333
825
1336.111
1186.111
1244.444
1305.556
1011.111
577.7778
208.3333
5.555556
0
0
0
0
0
0
0
0
0
0
0
0
0
169.4444
511.1111
738.8889
863.8889
1119.444
1294.444
1341.667
1044.444
650
208.3333
8.333333
0
0
0
0
0
0
0
0
0
0
0
0
5.555556
277.7778
608.3333
1030.556
1111.111
1152.778
1338.889
1227.778
1091.667
708.3333
266.6667
25
0
0
0
0
0
0
0
0
0
0
0
0
19.44444
497.2222
1358.333
1855.556
2480.556
2288.889
1950
1375
1075
613.8889
219.4444
8.333333
0
0
0
0
0
0
0
0
0
0
0
0
19.44444
394.4444
1025
1472.222
2036.111
2741.667
2080.556
1997.222
1961.111
1411.111
486.1111
33.33333
0
0
0
0
0
0
0
0
0
0
0
0
36.11111
663.8889
1705.556
2758.333
3183.333
3183.333
3400
2697.222
2077.778
1427.778
627.7778
25
0
0
0
0
0
0
0
0
0
0
0
0
2.777778
94.44444
530.5556
686.1111
1233.333
1708.333
1563.889
1475
1097.222
875
288.8889
27.77778
0
0
0
0
0
0
0
0
0
0
0
0
8.333333
183.3333
483.3333
911.1111
1852.778
2986.111
2850
2288.889
1475
1111.111
388.8889
30.55556
0
0
0
0
0
0
0
0
0
0
0
0
27.77778
402.7778
1269.444
2277.778
2641.667
2722.222
2358.333
1663.889
1063.889
888.8889
355.5556
27.77778
0
0
0
0
0
0
0
0
0
0
0
0
61.11111
736.1111
1672.222
2272.222
2511.111
2697.222
2555.556
1925
1325
847.2222
327.7778
33.33333
0
0
0
0
0
0
0
0
0
0
0
0
19.44444
375
766.6667
952.7778
1344.444
1533.333
1650
1125
1591.667
1111.111
563.8889
52.77778
0
0
0
0
0
0
0
0
0
0
0
0
61.11111
650
1430.556
2066.667
2911.111
3330.556
3113.889
2513.889
1997.222
1313.889
469.4444
44.44444
0
0
0
0
0
0
0
0
0
0
0
0
11.11111
213.8889
594.4444
1030.556
1530.556
2319.444
2513.889
1402.778
1319.444
1094.444
391.6667
36.11111
0
0
0
0
0
0
0
0
0
0
0
0
55.55556
794.4444
1719.444
2783.333
3455.556
4058.333
3833.333
3513.889
2797.222
1527.778
505.5556
52.77778
0
0
0
0
0
0
0
0
0
0
0
0
75
766.6667
1705.556
2175
2961.111
3575
3341.667
2866.667
2461.111
1933.333
741.6667
66.66667
0
0
0
0
0
0
0
0
0
0
0
0
86.11111
733.3333
1555.556
2261.111
2463.889
2597.222
2222.222
2086.111
1622.222
1113.889
422.2222
38.88889
0
0
0
0
0
0
0
0
0
0
0
0
41.66667
466.6667
1027.778
1416.667
1636.111
1936.111
1880.556
1908.333
1541.667
1183.333
422.2222
55.55556
0
0
0
0
0
0
0
0
0
0
0
0
75
666.6667
1586.111
1836.111
2258.333
2486.111
2138.889
2394.444
2005.556
1358.333
716.6667
69.44444
0
0
0
0
0
0
0
0
0
0
0
0
47.22222
488.8889
1236.111
1452.778
2094.444
2225
2188.889
1683.333
1350
844.4444
372.2222
33.33333
0
0
0
0
0
0
0
0
0
0
0
0
61.11111
450
1044.444
1544.444
2052.778
1922.222
1627.778
1366.667
1072.222
800
450
63.88889
0
0
0
0
0
0
0
0
0
0
0
0
61.11111
383.3333
747.2222
1030.556
1436.111
1572.222
1677.778
1725
1800
1063.889
533.3333
66.66667
0
0
0
0
0
0
0
0
0
0
0
0
66.66667
666.6667
1144.444
1733.333
2355.556
2591.667
2530.556
2216.667
1913.889
1380.556
591.6667
83.33333
0
0
0
0
0
0
0
0
0
0
0
0
213.8889
1200
2486.111
3483.333
4044.444
4497.222
4588.889
4122.222
3344.444
2291.667
1202.778
169.4444
0
0
0
0
0
0
0
0
0
0
0
0
213.8889
1125
2058.333
2694.444
3211.111
3525
3802.778
3486.111
2855.556
1788.889
625
108.3333
0
0
0
0
0
0
0
0
0
0
0
0
175
963.8889
1775
1977.778
2488.889
3075
2513.889
2280.556
1813.889
1277.778
625
111.1111
0
0
0
0
0
0
0
0
0
0
0
0
88.88889
558.3333
1055.556
1772.222
2483.333
3452.778
2872.222
2408.333
1722.222
1336.111
761.1111
161.1111
0
0
0
0
0
0
0
0
0
0
0
0
180.5556
933.3333
1800
2780.556
3263.889
4044.444
3933.333
3405.556
3033.333
2263.889
1155.556
175
0
0
0
0
0
0
0
0
0
0
0
0
216.6667
1113.889
1783.333
3166.667
3891.667
4247.222
4516.667
3997.222
3480.556
2416.667
1286.111
238.8889
0
0
0
0
0
0
0
0
0
0
0
0
308.3333
1300
2569.444
3669.444
4444.444
4800
4775
4386.111
3580.556
2563.889
1355.556
250
0
0
0
0
0
0
0
0
0
0
0
0
355.5556
1486.111
2716.667
3711.111
4402.778
4802.778
4727.778
3963.889
3219.444
2288.889
919.4444
177.7778
0
0
0
0
0
0
0
0
0
0
0
0
350
1463.889
2658.333
3661.111
4377.778
4758.333
4716.667
4294.444
3505.556
2425
1244.444
177.7778
0
0
0
0
0
0
0
0
0
0
0
0
111.1111
536.1111
863.8889
1241.667
1891.667
2377.778
2966.667
3047.222
3127.778
2175
1077.778
211.1111
0
0
0
0
0
0
0
0
0
0
0
0
161.1111
608.3333
816.6667
1016.667
1180.556
1444.444
1152.778
2013.889
1969.444
1791.667
872.2222
141.6667
0
0
0
0
0
0
0
0
0
0
0
0
172.2222
522.2222
1155.556
1866.667
1791.667
1875
1702.778
1341.667
1233.333
913.8889
397.2222
83.33333
0
0
0
0
0
0
0
0
0
0
0
0
77.77778
363.8889
969.4445
1616.667
1966.667
2202.778
1658.333
1761.111
1655.556
1127.778
744.4444
194.4444
0
0
0
0
0
0
0
0
0
0
0
2.777778
319.4444
1227.778
2216.667
2980.556
3508.333
3605.556
3550
3419.444
2463.889
2327.778
1388.889
291.6667
0
0
0
0
0
0
0
0
0
0
0
5.555556
377.7778
1108.333
1752.778
2816.667
3527.778
3633.333
3347.222
2333.333
1816.667
1525
797.2222
194.4444
0
0
0
0
0
0
0
0
0
0
0
0
216.6667
786.1111
1516.667
2216.667
2902.778
3241.667
2794.444
2075
2127.778
1297.222
650
258.3333
2.777778
0
0
0
0
0
0
0
0
0
0
5.555556
344.4444
1202.778
1777.778
2394.444
2211.111
2391.667
2391.667
2025
1622.222
1344.444
683.3333
161.1111
0
0
0
0
0
0
0
0
0
0
0
5.555556
466.6667
1566.667
2372.222
3761.111
4275
4369.444
3916.667
3375
2644.444
1741.667
1063.889
305.5556
0
0
0
0
0
0
0
0
0
0
0
2.777778
433.3333
1452.778
2297.222
3669.444
4277.778
4544.444
4758.333
4522.222
3352.778
2491.667
1063.889
330.5556
5.555556
0
0
0
0
0
0
0
0
0
0
8.333333
425
1463.889
2536.111
3319.444
3822.222
3975
3761.111
3683.333
2727.778
2144.444
1611.111
491.6667
11.11111
0
0
0
0
0
0
0
0
0
0
8.333333
336.1111
1105.556
1886.111
2458.333
3177.778
2650
2966.667
2963.889
1977.778
2236.111
1130.556
197.2222
8.333333
0
0
0
0
0
0
0
0
0
0
8.333333
366.6667
1247.222
2277.778
2363.889
2861.111
2963.889
3183.333
2636.111
2825
1463.889
955.5556
383.3333
13.88889
0
0
0
0
0
0
0
0
0
0
16.66667
575
1408.333
2619.444
3444.444
4000
4183.333
3219.444
3069.444
2480.556
2055.556
1327.778
369.4444
8.333333
0
0
0
0
0
0
0
0
0
0
19.44444
508.3333
1522.222
2877.778
3425
3941.667
4238.889
4958.333
4263.889
3047.222
2677.778
1475
441.6667
16.66667
0
0
0
0
0
0
0
0
0
0
19.44444
500
1538.889
2780.556
3355.556
3991.667
4547.222
4463.889
4011.111
3605.556
2713.889
1611.111
441.6667
13.88889
0
0
0
0
0
0
0
0
0
0
16.66667
361.1111
1183.333
1991.667
2608.333
3466.667
3077.778
3366.667
2647.222
2205.556
1788.889
911.1111
394.4444
16.66667
0
0
0
0
0
0
0
0
0
0
27.77778
636.1111
1733.333
2705.556
3866.667
4494.444
4536.111
4727.778
4744.444
3569.444
2769.444
1727.778
608.3333
27.77778
0
0
0
0
0
0
0
0
0
0
41.66667
738.8889
1875
3063.889
4144.444
4744.444
5000
4958.333
4533.333
3875
2938.889
1772.222
619.4444
50
0
0
0
0
0
0
0
0
0
0
38.88889
688.8889
1894.444
3072.222
4097.222
4797.222
5027.778
5122.222
4552.778
3722.222
2461.111
1230.556
472.2222
22.22222
0
0
0
0
0
0
0
0
0
0
16.66667
383.3333
1286.111
2091.667
3041.667
3694.444
4072.222
4694.444
4119.444
3802.778
2802.778
1888.889
694.4444
47.22222
0
0
0
0
0
0
0
0
0
0
44.44444
750
2061.111
3205.556
4347.222
4950
5550
5536.111
4897.222
4277.778
3397.222
2188.889
744.4444
44.44444
0
0
0
0
0
0
0
0
0
0
61.11111
800
2047.222
3266.667
4325
5038.889
5402.778
5380.556
4986.111
4266.667
3263.889
2077.778
741.6667
55.55556
0
0
0
0
0
0
0
0
0
0
63.88889
830.5556
2097.222
3286.111
4294.444
5000
5366.667
5363.889
4980.556
4258.333
3258.333
2077.778
780.5556
61.11111
0
0
0
0
0
0
0
0
0
0
61.11111
783.3333
1980.556
3150
4275
4861.111
4969.444
4700
4594.444
3919.444
2850
1966.667
772.2222
66.66667
0
0
0
0
0
0
0
0
0
0
55.55556
677.7778
1708.333
2936.111
3736.111
4344.444
4586.111
4855.556
4433.333
3847.222
2680.556
1750
683.3333
47.22222
0
0
0
0
0
0
0
0
0
0
36.11111
425
1236.111
1897.222
2325
2822.222
3038.889
3125
2261.111
2222.222
1363.889
1072.222
402.7778
41.66667
0
0
0
0
0
0
0
0
0
0
30.55556
291.6667
741.6667
1283.333
1638.889
1930.556
2725
2902.778
2552.778
2005.556
1761.111
900
422.2222
36.11111
0
0
0
0
0
0
0
0
0
0
47.22222
427.7778
702.7778
1261.111
1377.778
1908.333
1952.778
2997.222
2572.222
2036.111
1855.556
1319.444
458.3333
41.66667
0
0
0
0
0
0
0
0
0
0
63.88889
600
1433.333
2527.778
3400
3663.889
3713.889
3922.222
3163.889
2800
1997.222
1077.778
505.5556
47.22222
0
0
0
0
0
0
0
0
0
0
50
375
1025
1675
2552.778
2750
3455.556
3244.444
2925
2122.222
2397.222
1275
452.7778
61.11111
0
0
0
0
0
0
0
0
0
0
50
455.5556
1019.444
1961.111
2288.889
2877.778
2088.889
1902.778
2663.889
1916.667
1536.111
1000
575
66.66667
0
0
0
0
0
0
0
0
0
0
55.55556
522.2222
1241.667
1997.222
2900
3588.889
3491.667
3925
3419.444
2872.222
2200
1627.778
766.6667
94.44444
0
0
0
0
0
0
0
0
0
0
83.33333
675
1638.889
2700
3391.667
3950
4369.444
4455.556
3780.556
3300
2838.889
1725
786.1111
100
0
0
0
0
0
0
0
0
0
0
80.55556
605.5556
1325
2180.556
3077.778
3900
4416.667
3786.111
2638.889
2177.778
1208.333
697.2222
338.8889
38.88889
0
0
0
0
0
0
0
0
0
0
36.11111
344.4444
1094.444
1791.667
1886.111
2102.778
2786.111
2677.778
2552.778
2894.444
2233.333
1180.556
594.4444
88.88889
0
0
0
0
0
0
0
0
0
0
100
675
1480.556
2347.222
2794.444
3097.222
3855.556
4183.333
3397.222
3000
2844.444
1563.889
902.7778
141.6667
0
0
0
0
0
0
0
0
0
0
166.6667
1161.111
2319.444
3436.111
4341.667
4908.333
4850
5061.111
4638.889
3927.778
3286.111
1850
844.4444
136.1111
0
0
0
0
0
0
0
0
0
0
136.1111
1002.778
2191.667
2983.333
3716.667
4591.667
5236.111
5188.889
4886.111
4186.111
2419.444
1661.111
966.6667
161.1111
0
0
0
0
0
0
0
0
0
0
180.5556
1119.444
2305.556
3425
4388.889
5038.889
5205.556
4991.667
4816.667
4336.111
3344.444
2297.222
1141.667
194.4444
0
0
0
0
0
0
0
0
0
0
222.2222
1202.778
2400
3561.111
4511.111
5172.222
5452.778
5469.444
5033.333
4097.222
3044.444
1786.111
977.7778
200
0
0
0
0
0
0
0
0
0
0
238.8889
1166.667
2233.333
3469.444
4519.444
5025
5461.111
5411.111
5144.444
3875
3252.778
2158.333
1000
197.2222
0
0
0
0
0
0
0
0
0
0
127.7778
833.3333
1894.444
3152.778
3925
4791.667
4736.111
4430.556
3680.556
3269.444
2347.222
1297.222
816.6667
152.7778
0
0
0
0
0
0
0
0
0
0
161.1111
875
1902.778
2544.444
3619.444
3433.333
4186.111
4694.444
4258.333
3352.778
2241.667
1369.444
816.6667
136.1111
0
0
0
0
0
0
0
0
0
0
94.44444
619.4444
1222.222
2319.444
2958.333
3247.222
3472.222
3919.444
3913.889
3550
2922.222
2036.111
1238.889
266.6667
0
0
0
0
0
0
0
0
0
0
163.8889
852.7778
1566.667
2397.222
2850
3386.111
2680.556
3305.556
2311.111
2458.333
1816.667
1163.889
700
175
0
0
0
0
0
0
0
0
0
0
133.3333
622.2222
1577.778
2680.556
3197.222
3847.222
4086.111
3763.889
3019.444
2238.889
2183.333
1547.222
791.6667
183.3333
0
0
0
0
0
0
0
0
0
0
166.6667
908.3333
1527.778
2347.222
2969.444
3091.667
3122.222
2952.778
2925
2466.667
2338.889
1708.333
894.4444
177.7778
0
0
0
0
0
0
0
0
0
0
158.3333
866.6667
1677.778
2186.111
2930.556
3652.778
3591.667
3452.778
2800
3533.333
2955.556
2263.889
1147.222
258.3333
0
0
0
0
0
0
0
0
0
0
180.5556
988.8889
2025
2930.556
3477.778
4452.778
4886.111
5038.889
4661.111
3852.778
2855.556
2002.778
1138.889
216.6667
0
0
0
0
0
0
0
0
0
0
208.3333
958.3333
1972.222
2933.333
3286.111
2863.889
3088.889
2400
1827.778
1572.222
1197.222
791.6667
505.5556
163.8889
2.777778
0
0
0
0
0
0
0
0
0
202.7778
808.3333
1327.778
2044.444
2933.333
3536.111
3100
3480.556
3411.111
2694.444
1552.778
944.4445
375
83.33333
0
0
0
0
0
0
0
0
0
0
86.11111
388.8889
1133.333
1786.111
2408.333
2422.222
2758.333
2961.111
2736.111
2547.222
2377.778
1919.444
833.3333
175
2.777778
0
0
0
0
0
0
0
0
2.777778
311.1111
1205.556
2200
3316.667
3750
3900
3491.667
3416.667
3075
3200
2613.889
1650
838.8889
200
0
0
0
0
0
0
0
0
0
2.777778
219.4444
855.5556
1555.556
1977.778
2336.111
3519.444
2922.222
4019.444
3366.667
2916.667
2172.222
1805.556
922.2222
158.3333
2.777778
0
0
0
0
0
0
0
0
0
163.8889
808.3333
1155.556
1811.111
2936.111
3738.889
3388.889
2700
2297.222
1730.556
1880.556
1150
786.1111
172.2222
2.777778
0
0
0
0
0
0
0
0
0
225
905.5556
1663.889
2166.667
2205.556
2544.444
2330.556
2097.222
2430.556
2480.556
2019.444
1463.889
775
202.7778
2.777778
0
0
0
0
0
0
0
0
2.777778
380.5556
1222.222
2133.333
2966.667
3616.667
4638.889
4605.556
4666.667
4327.778
3069.444
1650
1111.111
844.4444
238.8889
2.777778
0
0
0
0
0
0
0
0
5.555556
352.7778
1219.444
2330.556
2975
3825
3680.556
4661.111
4947.222
4697.222
4269.444
3647.222
2022.222
1322.222
402.7778
5.555556
0
0
0
0
0
0
0
0
2.777778
355.5556
1211.111
2077.778
3144.444
4061.111
4738.889
5041.667
5363.889
5208.333
4886.111
3986.111
2655.556
1522.222
438.8889
11.11111
0
0
0
0
0
0
0
0
11.11111
486.1111
1625
2666.667
3863.889
4769.444
5100
5422.222
5547.222
5327.778
4705.556
3786.111
2811.111
1588.889
425
5.555556
0
0
0
0
0
0
0
0
8.333333
508.3333
1650
2852.778
3833.333
4919.444
5536.111
5777.778
5641.667
5425
4855.556
3855.556
2708.333
1616.667
488.8889
11.11111
0
0
0
0
0
0
0
0
11.11111
463.8889
1502.778
2622.222
3805.556
4827.778
5491.667
5825
5847.222
5525
4841.667
3952.778
2830.556
1652.778
472.2222
11.11111
0
0
0
0
0
0
0
0
13.88889
527.7778
1636.111
2855.556
3988.889
4916.667
5547.222
5902.778
5916.667
5586.111
4919.444
4002.778
2897.222
1694.444
513.8889
13.88889
0
0
0
0
0
0
0
0
19.44444
550
1641.667
2858.333
3991.667
4913.889
5533.333
5897.222
5911.111
5575
4916.667
3997.222
2911.111
1719.444
525
16.66667
0
0
0
0
0
0
0
0
16.66667
561.1111
1655.556
2836.111
3947.222
4836.111
5422.222
5786.111
5833.333
5494.444
4858.333
3969.444
2855.556
1672.222
447.2222
19.44444
0
0
0
0
0
0
0
0
16.66667
536.1111
1586.111
2766.667
3861.111
4730.556
5350
5708.333
5672.222
5258.333
4438.889
3647.222
2355.556
1327.778
486.1111
19.44444
0
0
0
0
0
0
0
0
19.44444
527.7778
1669.444
2797.222
3808.333
4702.778
4927.778
5550
5597.222
4444.444
3647.222
2708.333
1994.444
1108.333
244.4444
11.11111
0
0
0
0
0
0
0
0
16.66667
369.4444
1355.556
2519.444
3208.333
4136.111
5200
5350
4944.444
4166.667
4177.778
3063.889
2327.778
1311.111
327.7778
16.66667
0
0
0
0
0
0
0
0
8.333333
302.7778
1227.778
2463.889
3330.556
4019.444
4844.444
5002.778
5016.667
4747.222
4277.778
3261.111
2461.111
1388.889
513.8889
22.22222
0
0
0
0
0
0
0
0
16.66667
408.3333
1002.778
1841.667
3063.889
3808.333
4130.556
4247.222
4513.889
3380.556
3602.778
3119.444
1716.667
950
241.6667
11.11111
0
0
0
0
0
0
0
0
2.777778
188.8889
902.7778
1550
2400
3397.222
3830.556
2933.333
2872.222
3641.667
3330.556
3261.111
2025
1152.778
361.1111
13.88889
0
0
0
0
0
0
0
0
19.44444
541.6667
1527.778
2513.889
3461.111
4305.556
4972.222
5325
5975
4388.889
4022.222
3338.889
2647.222
1575
472.2222
25
0
0
0
0
0
0
0
0
22.22222
550
1477.778
2511.111
3577.778
4394.444
5236.111
5733.333
5400
4752.778
4088.889
3258.333
2472.222
1400
458.3333
36.11111
0
0
0
0
0
0
0
0
19.44444
497.2222
1486.111
2575
3525
4738.889
4827.778
5063.889
5458.333
5066.667
4463.889
3438.889
2480.556
1569.444
500
16.66667
0
0
0
0
0
0
0
0
22.22222
447.2222
1333.333
2336.111
3463.889
3938.889
4858.333
4958.333
5000
4127.778
4016.667
2816.667
1936.111
1325
313.8889
19.44444
0
0
0
0
0
0
0
0
13.88889
350
750
1500
3058.333
3891.667
4411.111
4261.111
4422.222
3827.778
3569.444
2850
2130.556
1483.333
536.1111
36.11111
0
0
0
0
0
0
0
0
30.55556
627.7778
1727.778
2927.778
3875
4555.556
5366.667
5730.556
5538.889
4947.222
4663.889
4033.333
2897.222
1683.333
641.6667
44.44444
0
0
0
0
0
0
0
0
36.11111
658.3333
1683.333
2913.889
3952.778
4783.333
5488.889
5833.333
5836.111
5444.444
4794.444
3844.444
2547.222
1380.556
516.6667
36.11111
0
0
0
0
0
0
0
0
30.55556
522.2222
1469.444
2341.667
3352.778
4263.889
4755.556
4752.778
4533.333
4063.889
3583.333
3041.667
2130.556
1208.333
433.3333
27.77778
0
0
0
0
0
0
0
0
47.22222
341.6667
938.8889
1850
2852.778
3691.667
4183.333
4491.667
4597.222
4425
3491.667
2866.667
2197.222
1163.889
441.6667
22.22222
0
0
0
0
0
0
0
0
38.88889
558.3333
1455.556
2700
3813.889
4666.667
5350
5369.444
5441.667
4752.778
4177.778
3450
2588.889
1491.667
500
36.11111
0
0
0
0
0
0
0
0
25
444.4444
1236.111
2244.444
2863.889
3825
4197.222
3711.111
3980.556
2933.333
1783.333
1316.667
811.1111
505.5556
122.2222
2.777778
0
0
0
0
0
0
0
0
11.11111
169.4444
472.2222
925
1586.111
1963.889
1811.111
1858.333
2183.333
1833.333
1269.444
1116.667
1438.889
716.6667
297.2222
22.22222
0
0
0
0
0
0
0
0
30.55556
388.8889
1338.889
1738.889
2155.556
2688.889
3247.222
3661.111
3591.667
3280.556
2647.222
2116.667
1302.778
797.2222
236.1111
41.66667
0
0
0
0
0
0
0
0
30.55556
302.7778
841.6667
1383.333
2136.111
2075
2941.667
3027.778
3291.667
2744.444
2369.444
1633.333
1325
697.2222
244.4444
16.66667
0
0
0
0
0
0
0
0
19.44444
208.3333
572.2222
1222.222
1375
1755.556
1697.222
2166.667
2172.222
1819.444
1919.444
1366.667
1394.444
763.8889
263.8889
22.22222
0
0
0
0
0
0
0
0
30.55556
386.1111
950
1713.889
2936.111
2819.444
3991.667
4577.778
4077.778
3644.444
2797.222
2108.333
1497.222
1200
361.1111
19.44444
0
0
0
0
0
0
0
0
19.44444
308.3333
852.7778
1466.667
2041.667
3147.222
3769.444
3961.111
3705.556
4225
4075
2772.222
2147.222
1036.111
472.2222
58.33333
0
0
0
0
0
0
0
0
36.11111
472.2222
1138.889
2280.556
3063.889
3919.444
4377.778
4052.778
4436.111
3730.556
3533.333
3097.222
2158.333
1163.889
513.8889
38.88889
0
0
0
0
0
0
0
0
30.55556
358.3333
1030.556
1544.444
1938.889
2191.667
2838.889
3036.111
2169.444
1930.556
1613.889
1211.111
1177.778
672.2222
225
13.88889
0
0
0
0
0
0
0
0
27.77778
483.3333
1230.556
1919.444
2586.111
3019.444
3225
3686.111
3927.778
3833.333
3177.778
2622.222
1847.222
1186.111
375
30.55556
0
0
0
0
0
0
0
0
13.88889
350
1086.111
1797.222
2294.444
3822.222
3880.556
4241.667
4377.778
3663.889
3638.889
2916.667
2191.667
1352.778
444.4444
38.88889
0
0
0
0
0
0
0
0
27.77778
555.5556
1375
2391.667
3619.444
4083.333
4830.556
4944.444
4327.778
4536.111
4272.222
3427.778
2258.333
1316.667
413.8889
36.11111
0
0
0
0
0
0
0
0
38.88889
544.4444
1605.556
2366.667
3233.333
3911.111
5494.444
5791.667
5419.444
5250
5052.778
4280.556
2816.667
2019.444
788.8889
72.22222
0
0
0
0
0
0
0
0
44.44444
627.7778
1666.667
2588.889
3955.556
4827.778
5647.222
6016.667
6025
5700
5072.222
4183.333
3116.667
1955.556
733.3333
72.22222
0
0
0
0
0
0
0
0
44.44444
713.8889
1855.556
3033.333
4113.889
5005.556
5650
5972.222
5977.778
5675
5027.778
4130.556
3019.444
1866.667
716.6667
61.11111
0
0
0
0
0
0
0
0
50
691.6667
1808.333
2983.333
4055.556
4950
5594.444
5944.444
5933.333
5619.444
4972.222
4066.667
3005.556
1852.778
652.7778
58.33333
0
0
0
0
0
0
0
0
52.77778
644.4444
1697.222
2841.667
3980.556
4863.889
5394.444
5855.556
5819.444
5380.556
4747.222
3855.556
2705.556
1511.111
619.4444
61.11111
0
0
0
0
0
0
0
0
44.44444
363.8889
1313.889
2902.778
3130.556
4227.778
4463.889
4622.222
4025
3922.222
3319.444
2344.444
1494.444
722.2222
419.4445
36.11111
0
0
0
0
0
0
0
0
27.77778
338.8889
1094.444
1730.556
2880.556
3955.556
5075
5780.556
4980.556
4536.111
3583.333
3077.778
2038.889
1300
341.6667
11.11111
0
0
0
0
0
0
0
0
22.22222
380.5556
1058.333
2055.556
2977.778
3183.333
3636.111
4650
5536.111
5175
3966.667
2730.556
1786.111
938.8889
241.6667
36.11111
0
0
0
0
0
0
0
0
33.33333
527.7778
1558.333
2713.889
3775
4752.778
5258.333
5111.111
5094.444
4936.111
4069.444
2811.111
1955.556
986.1111
344.4444
41.66667
0
0
0
0
0
0
0
0
36.11111
466.6667
1522.222
2588.889
3538.889
4458.333
5225
5669.444
5830.556
5327.778
4075
2680.556
2200
1527.778
611.1111
61.11111
0
0
0
0
0
0
0
0
38.88889
580.5556
1519.444
2633.333
3813.889
4794.444
5383.333
5494.444
5783.333
4963.889
3922.222
3586.111
2475
1583.333
525
44.44444
0
0
0
0
0
0
0
0
27.77778
483.3333
1391.667
2372.222
3325
4019.444
4563.889
4555.556
3583.333
3600
2344.444
2616.667
1916.667
1175
352.7778
36.11111
0
0
0
0
0
0
0
0
22.22222
338.8889
1038.889
2275
3097.222
3913.889
3855.556
3955.556
3175
2500
1947.222
2383.333
1422.222
722.2222
330.5556
25
0
0
0
0
0
0
0
0
19.44444
225
694.4444
1463.889
2066.667
2775
3644.444
4444.444
4830.556
4450
4097.222
3425
2411.111
1413.889
483.3333
55.55556
0
0
0
0
0
0
0
0
30.55556
472.2222
1327.778
2350
3311.111
4283.333
4822.222
5191.667
5086.111
4688.889
4019.444
3325
2538.889
1494.444
530.5556
41.66667
0
0
0
0
0
0
0
0
38.88889
647.2222
1608.333
2861.111
3675
4583.333
5386.111
5763.889
5777.778
5480.556
4855.556
3969.444
2908.333
1761.111
597.2222
44.44444
0
0
0
0
0
0
0
0
30.55556
572.2222
1555.556
2611.111
3783.333
4797.222
5480.556
5683.333
5763.889
5436.111
4825
3891.667
2802.778
1702.778
605.5556
50
0
0
0
0
0
0
0
0
38.88889
616.6667
1652.778
2711.111
3797.222
4672.222
5297.222
5533.333
5163.889
4750
4325
3711.111
2375
1097.222
366.6667
27.77778
0
0
0
0
0
0
0
0
30.55556
433.3333
1227.778
2350
3058.333
3913.889
3508.333
3697.222
3188.889
2791.667
2494.444
2072.222
1327.778
788.8889
330.5556
22.22222
0
0
0
0
0
0
0
0
19.44444
391.6667
1300
2466.667
3533.333
4683.333
5283.333
5391.667
5636.111
4938.889
4416.667
3905.556
2722.222
1619.444
522.2222
33.33333
0
0
0
0
0
0
0
0
33.33333
586.1111
1622.222
2758.333
3819.444
4716.667
5363.889
5716.667
5713.889
5394.444
4638.889
3733.333
2558.333
1494.444
450
22.22222
0
0
0
0
0
0
0
0
33.33333
586.1111
1575
2580.556
3675
4147.222
4780.556
4983.333
4666.667
4566.667
3825
2847.222
1950
963.8889
438.8889
13.88889
0
0
0
0
0
0
0
0
22.22222
441.6667
1430.556
2491.667
3394.444
4447.222
4819.444
5097.222
5013.889
5002.778
4266.667
3330.556
2688.889
1555.556
544.4444
30.55556
0
0
0
0
0
0
0
0
30.55556
561.1111
1694.444
2833.333
3763.889
4666.667
5383.333
5655.556
5441.667
4852.778
4125
3344.444
2422.222
1463.889
486.1111
19.44444
0
0
0
0
0
0
0
0
16.66667
508.3333
1394.444
2308.333
3297.222
4080.556
4927.778
4991.667
5072.222
4913.889
4191.667
3316.667
2313.889
1416.667
483.3333
27.77778
0
0
0
0
0
0
0
0
27.77778
583.3333
1666.667
2755.556
3930.556
4844.444
5461.111
5808.333
5797.222
5480.556
4847.222
3955.556
2869.444
1716.667
558.3333
27.77778
0
0
0
0
0
0
0
0
16.66667
583.3333
1677.778
2836.111
3652.778
4350
4975
4961.111
5019.444
4858.333
4433.333
3497.222
2502.778
1497.222
455.5556
16.66667
0
0
0
0
0
0
0
0
13.88889
494.4444
1297.222
2277.778
3041.667
3625
4491.667
4830.556
5105.556
5250
4705.556
3655.556
2844.444
1658.333
519.4444
30.55556
0
0
0
0
0
0
0
0
16.66667
488.8889
1555.556
2786.111
3875
4780.556
5433.333
5744.444
5758.333
5361.111
4644.444
3694.444
2586.111
1447.222
425
22.22222
0
0
0
0
0
0
0
0
13.88889
500
1455.556
2652.778
3741.667
4680.556
5361.111
5694.444
5755.556
5305.556
4586.111
3391.667
2694.444
1605.556
486.1111
16.66667
0
0
0
0
0
0
0
0
19.44444
502.7778
1547.222
2602.778
3677.778
4616.667
5280.556
5547.222
5400
4638.889
3969.444
2833.333
2069.444
1169.444
361.1111
5.555556
0
0
0
0
0
0
0
0
5.555556
280.5556
972.2222
1986.111
2577.778
3116.667
4077.778
4338.889
3919.444
3308.333
2630.556
2461.111
1436.111
800
186.1111
8.333333
0
0
0
0
0
0
0
0
5.555556
236.1111
894.4444
1544.444
2375
3213.889
3991.667
4361.111
4530.556
4280.556
3616.667
2927.778
2116.667
1105.556
230.5556
5.555556
0
0
0
0
0
0
0
0
13.88889
463.8889
1508.333
2575
3294.444
4141.667
4630.556
5477.778
5430.556
5463.889
4744.444
3725
2641.667
1630.556
483.3333
13.88889
0
0
0
0
0
0
0
0
8.333333
455.5556
1625
2905.556
4013.889
4888.889
5497.222
5713.889
5538.889
5305.556
4683.333
3383.333
2425
1377.778
447.2222
11.11111
0
0
0
0
0
0
0
0
5.555556
458.3333
1350
2497.222
3536.111
4236.111
5077.778
5616.667
5383.333
5297.222
4752.778
3830.556
2713.889
1533.333
397.2222
8.333333
0
0
0
0
0
0
0
0
11.11111
486.1111
1500
2677.778
3863.889
4797.222
5461.111
5802.778
5802.778
5475
4833.333
3933.333
2838.889
1641.667
480.5556
8.333333
0
0
0
0
0
0
0
0
8.333333
450
1583.333
2772.222
3875
4780.556
5422.222
5761.111
5761.111
5436.111
4786.111
3855.556
2736.111
1572.222
427.7778
5.555556
0
0
0
0
0
0
0
0
8.333333
444.4444
1480.556
2655.556
3744.444
4644.444
5283.333
5630.556
5627.778
5286.111
4658.333
3672.222
2461.111
1397.222
413.8889
2.777778
0
0
0
0
0
0
0
0
5.555556
341.6667
1183.333
2230.556
3386.111
4194.444
4975
5536.111
5361.111
5205.556
4380.556
3758.333
2497.222
1288.889
391.6667
2.777778
0
0
0
0
0
0
0
0
0
413.8889
1338.889
2402.778
3427.778
4472.222
5316.667
5680.556
5675
5330.556
4688.889
3786.111
2688.889
1505.556
383.3333
5.555556
0
0
0
0
0
0
0
0
2.777778
363.8889
1308.333
2430.556
3494.444
4266.667
4958.333
5566.667
5605.556
5241.667
4294.444
3369.444
2344.444
1263.889
313.8889
2.777778
0
0
0
0
0
0
0
0
0
263.8889
1125
2175
3000
3952.778
4466.667
4675
4608.333
4677.778
3958.333
3113.889
2083.333
980.5556
313.8889
0
0
0
0
0
0
0
0
0
0
230.5556
955.5556
1680.556
2666.667
3291.667
3761.111
4186.111
4391.667
3280.556
3408.333
2752.778
2144.444
1369.444
322.2222
0
0
0
0
0
0
0
0
0
0
372.2222
1413.889
2522.222
3647.222
4369.444
4852.778
5125
4783.333
5116.667
4552.778
3694.444
2563.889
1422.222
380.5556
2.777778
0
0
0
0
0
0
0
0
0
255.5556
1152.778
2175
3325
4463.889
5194.444
5130.556
4869.444
4691.667
3919.444
2994.444
2066.667
1075
269.4444
2.777778
0
0
0
0
0
0
0
0
0
322.2222
1313.889
2222.222
3061.111
4394.444
4897.222
5494.444
5686.111
5297.222
4675
3750
2611.111
1347.222
333.3333
0
0
0
0
0
0
0
0
0
0
333.3333
1336.111
2600
3722.222
4636.111
5291.667
5613.889
5619.444
5286.111
4627.778
3733.333
2605.556
1416.667
338.8889
0
0
0
0
0
0
0
0
0
0
313.8889
1327.778
2513.889
3616.667
4525
5180.556
5508.333
5494.444
5077.778
4427.778
3616.667
2475
1316.667
280.5556
0
0
0
0
0
0
0
0
0
0
177.7778
797.2222
1425
2088.889
2491.667
2947.222
3183.333
3391.667
2594.444
2480.556
1691.667
958.3333
480.5556
100
0
0
0
0
0
0
0
0
0
0
158.3333
802.7778
1733.333
2622.222
3519.444
3597.222
3738.889
4508.333
4094.444
3755.556
2669.444
1838.889
975
225
0
0
0
0
0
0
0
0
0
0
222.2222
1052.778
2141.667
3247.222
4166.667
4822.222
4561.111
4175
3219.444
3169.444
2713.889
2094.444
1058.333
266.6667
0
0
0
0
0
0
0
0
0
0
208.3333
1125
2194.444
3036.111
3800
4725
5194.444
5144.444
4891.667
4200
3536.111
2086.111
1038.889
183.3333
0
0
0
0
0
0
0
0
0
0
158.3333
702.7778
1538.889
2575
3413.889
3358.333
4205.556
4575
4050
3597.222
2816.667
1908.333
975
186.1111
0
0
0
0
0
0
0
0
0
0
108.3333
700
1663.889
2563.889
3011.111
3658.333
3933.333
4955.556
4661.111
3761.111
2988.889
1891.667
1002.778
188.8889
0
0
0
0
0
0
0
0
0
0
180.5556
911.1111
1772.222
2622.222
3436.111
4386.111
5033.333
5163.889
4472.222
4108.333
3422.222
2302.778
1186.111
216.6667
0
0
0
0
0
0
0
0
0
0
163.8889
888.8889
2330.556
3213.889
3825
4444.444
4463.889
4544.444
4688.889
4188.889
3433.333
2122.222
1255.556
241.6667
0
0
0
0
0
0
0
0
0
0
230.5556
1200
2116.667
2969.444
3758.333
4716.667
5244.444
4805.556
4211.111
3622.222
2861.111
1805.556
886.1111
202.7778
0
0
0
0
0
0
0
0
0
0
163.8889
791.6667
1550
2166.667
3097.222
3633.333
4172.222
3836.111
3997.222
3427.778
2369.444
1844.444
919.4444
152.7778
0
0
0
0
0
0
0
0
0
0
144.4444
836.1111
1869.444
2836.111
3980.556
4555.556
5186.111
4877.778
4622.222
4041.667
3188.889
2066.667
836.1111
113.8889
0
0
0
0
0
0
0
0
0
0
94.44444
608.3333
1497.222
2205.556
3141.667
3836.111
3191.667
3352.778
3511.111
2108.333
1427.778
1161.111
747.2222
133.3333
0
0
0
0
0
0
0
0
0
0
155.5556
980.5556
2016.667
3072.222
4247.222
4919.444
5208.333
5308.333
4961.111
4266.667
3286.111
2105.556
1019.444
136.1111
0
0
0
0
0
0
0
0
0
0
150
1044.444
2230.556
3366.667
4300
4997.222
5086.111
5125
4566.667
4061.111
2941.667
1663.889
841.6667
127.7778
0
0
0
0
0
0
0
0
0
0
102.7778
877.7778
1944.444
3055.556
3763.889
4533.333
4886.111
4791.667
4197.222
3575
2608.333
1938.889
883.3333
80.55556
0
0
0
0
0
0
0
0
0
0
125
1000
2194.444
3361.111
4397.222
5077.778
5425
5436.111
4966.667
4316.667
3200
2075
877.7778
91.66667
0
0
0
0
0
0
0
0
0
0
102.7778
786.1111
1636.111
2544.444
3263.889
4141.667
4444.444
4738.889
4747.222
4175
3352.778
2227.778
986.1111
108.3333
0
0
0
0
0
0
0
0
0
0
130.5556
997.2222
2213.889
3361.111
4291.667
4975
5308.333
5327.778
4966.667
4277.778
3330.556
2200
958.3333
102.7778
0
0
0
0
0
0
0
0
0
0
113.8889
875
1950
3088.889
3988.889
4255.556
4700
4538.889
4311.111
3394.444
2588.889
1800
744.4444
80.55556
0
0
0
0
0
0
0
0
0
0
77.77778
741.6667
1955.556
3263.889
4191.667
4938.889
5230.556
5241.667
4947.222
4102.778
2991.667
1936.111
825
75
0
0
0
0
0
0
0
0
0
0
66.66667
705.5555
1850
2936.111
4105.556
4894.444
5247.222
5291.667
4927.778
4241.667
3286.111
2144.444
875
77.77778
0
0
0
0
0
0
0
0
0
0
91.66667
894.4444
2058.333
3272.222
4283.333
4861.111
5216.667
5266.667
4858.333
4238.889
3280.556
2141.667
875
66.66667
0
0
0
0
0
0
0
0
0
0
86.11111
894.4444
2111.111
3233.333
4272.222
4933.333
5294.444
5277.778
4930.556
4238.889
3280.556
2116.667
850
72.22222
0
0
0
0
0
0
0
0
0
0
75
902.7778
1963.889
3086.111
4102.778
4700
4997.222
4830.556
4244.444
3866.667
2263.889
1458.333
613.8889
47.22222
0
0
0
0
0
0
0
0
0
0
38.88889
533.3333
1394.444
2086.111
3002.778
3733.333
3647.222
3000
2344.444
1563.889
1250
852.7778
316.6667
22.22222
0
0
0
0
0
0
0
0
0
0
25
388.8889
1250
1891.667
2483.333
3322.222
4419.444
4713.889
4063.889
3338.889
2800
1641.667
552.7778
36.11111
0
0
0
0
0
0
0
0
0
0
50
733.3333
1919.444
3088.889
4027.778
4580.556
5094.444
4713.889
4788.889
4011.111
2813.889
1791.667
672.2222
47.22222
0
0
0
0
0
0
0
0
0
0
50
663.8889
1650
2583.333
3347.222
3691.667
4250
4275
4261.111
3547.222
2572.222
1436.111
513.8889
38.88889
0
0
0
0
0
0
0
0
0
0
41.66667
677.7778
1858.333
2972.222
3902.778
4538.889
4872.222
4716.667
4283.333
3686.111
2500
1438.889
572.2222
33.33333
0
0
0
0
0
0
0
0
0
0
27.77778
577.7778
1677.778
2541.667
3305.556
3958.333
4808.333
4644.444
4002.778
2952.778
2066.667
1058.333
330.5556
22.22222
0
0
0
0
0
0
0
0
0
0
25
391.6667
1022.222
1750
2702.778
3902.778
4158.333
3925
3455.556
2577.778
2175
1408.333
472.2222
27.77778
0
0
0
0
0
0
0
0
0
0
27.77778
719.4444
1711.111
2847.222
3947.222
4827.778
5166.667
5144.444
4305.556
3338.889
2744.444
1616.667
413.8889
22.22222
0
0
0
0
0
0
0
0
0
0
25
569.4444
1711.111
2663.889
3841.667
4313.889
4816.667
4700
4630.556
4041.667
3052.778
1880.556
600
25
0
0
0
0
0
0
0
0
0
0
30.55556
652.7778
1858.333
3022.222
3994.444
4708.333
5080.556
5030.556
4650
3913.889
2836.111
1658.333
511.1111
22.22222
0
0
0
0
0
0
0
0
0
0
19.44444
602.7778
1836.111
2988.889
3847.222
4275
4730.556
4780.556
4433.333
3855.556
2897.222
1775
552.7778
19.44444
0
0
0
0
0
0
0
0
0
0
16.66667
508.3333
1605.556
2461.111
3180.556
3588.889
3994.444
3947.222
4208.333
3408.333
2261.111
1344.444
416.6667
13.88889
0
0
0
0
0
0
0
0
0
0
16.66667
552.7778
1700
2844.444
3813.889
4558.333
4930.556
4961.111
4563.889
3866.667
2908.333
1763.889
541.6667
22.22222
0
0
0
0
0
0
0
0
0
0
13.88889
538.8889
1680.556
2841.667
3822.222
4530.556
4772.222
4850
4544.444
3836.111
2852.778
1713.889
513.8889
11.11111
0
0
0
0
0
0
0
0
0
0
16.66667
411.1111
1336.111
2375
3327.778
3747.222
4541.667
4494.444
3647.222
2783.333
1988.889
1011.111
227.7778
0
0
0
0
0
0
0
0
0
0
0
0
63.88889
233.3333
575
888.8889
1438.889
1891.667
2208.333
1377.778
1713.889
1377.778
811.1111
197.2222
5.555556
0
0
0
0
0
0
0
0
0
0
0
205.5556
919.4444
1452.778
2144.444
2138.889
2594.444
2863.889
2977.778
2036.111
766.6667
275
113.8889
2.777778
0
0
0
0
0
0
0
0
0
0
0
291.6667
1105.556
1936.111
2694.444
3300
3288.889
3786.111
3205.556
2388.889
1958.333
1397.222
325
0
0
0
0
0
0
0
0
0
0
0
0
452.7778
1597.222
2752.778
3736.111
4336.111
4855.556
4636.111
4286.111
3483.333
2786.111
1630.556
441.6667
0
0
0
0
0
0
0
0
0
0
0
0
297.2222
1091.667
1838.889
2325
2436.111
2508.333
2036.111
2263.889
2050
1330.556
891.6667
275
2.777778
0
0
0
0
0
0
0
0
0
0
0
325
1250
2383.333
3186.111
3680.556
3719.444
3366.667
3222.222
3216.667
2155.556
1180.556
358.3333
0
0
0
0
0
0
0
0
0
0
0
0
297.2222
1088.889
2102.778
3005.556
3794.444
4038.889
3872.222
3436.111
2744.444
1669.444
1038.889
261.1111
0
0
0
0
0
0
0
0
0
0
0
0
97.22222
375
780.5556
1636.111
2219.444
2333.333
1905.556
1611.111
1197.222
736.1111
441.6667
175
0
0
0
0
0
0
0
0
0
0
0
0
277.7778
1155.556
2102.778
2788.889
3297.222
3636.111
3633.333
2700
2236.111
1888.889
1013.889
163.8889
0
0
0
0
0
0
0
0
0
0
0
0
225
1094.444
1763.889
2755.556
3011.111
3780.556
4138.889
3850
2925
2041.667
952.7778
208.3333
0
0
0
0
0
0
0
0
0
0
0
0
263.8889
1016.667
1905.556
2763.889
3383.333
3872.222
4183.333
3880.556
3469.444
2377.778
1244.444
297.2222
0
0
0
0
0
0
0
0
0
0
0
0
261.1111
1244.444
2283.333
3363.889
4197.222
4472.222
4325
3883.333
3330.556
2094.444
1127.778
272.2222
0
0
0
0
0
0
0
0
0
0
0
0
286.1111
1372.222
2530.556
3544.444
4247.222
4580.556
4491.667
4113.889
3397.222
2375
1147.222
227.7778
0
0
0
0
0
0
0
0
0
0
0
0
288.8889
1300
2405.556
3425
4052.778
4455.556
4441.667
4130.556
3438.889
2363.889
1244.444
238.8889
0
0
0
0
0
0
0
0
0
0
0
0
188.8889
1013.889
1902.778
2780.556
3416.667
3555.556
3550
3747.222
3016.667
2272.222
1211.111
191.6667
0
0
0
0
0
0
0
0
0
0
0
0
180.5556
1177.778
2311.111
3286.111
3911.111
4258.333
4258.333
3936.111
3136.111
2116.667
963.8889
166.6667
0
0
0
0
0
0
0
0
0
0
0
0
180.5556
1083.333
2161.111
3038.889
3869.444
4230.556
4361.111
3886.111
3188.889
2350
1197.222
213.8889
0
0
0
0
0
0
0
0
0
0
0
0
161.1111
819.4444
1622.222
1788.889
2269.444
2197.222
2022.222
1541.667
1480.556
1205.556
552.7778
125
0
0
0
0
0
0
0
0
0
0
0
0
88.88889
577.7778
1211.111
1936.111
3302.778
3377.778
3805.556
3891.667
3097.222
2352.778
1227.778
180.5556
0
0
0
0
0
0
0
0
0
0
0
0
200
1116.667
2200
3050
3808.333
3980.556
3902.778
3733.333
3211.111
2258.333
919.4444
122.2222
0
0
0
0
0
0
0
0
0
0
0
0
161.1111
1016.667
1958.333
2791.667
3402.778
3647.222
3638.889
3344.444
2763.889
1819.444
925
108.3333
0
0
0
0
0
0
0
0
0
0
0
0
127.7778
780.5556
1647.222
2241.667
2852.778
3075
3100
2313.889
2172.222
1647.222
644.4444
141.6667
0
0
0
0
0
0
0
0
0
0
0
0
66.66667
613.8889
1377.778
1936.111
2675
2916.667
3691.667
3213.889
2630.556
1355.556
755.5556
77.77778
0
0
0
0
0
0
0
0
0
0
0
0
30.55556
211.1111
272.2222
475
822.2222
1013.889
1152.778
961.1111
1036.111
636.1111
325
55.55556
0
0
0
0
0
0
0
0
0
0
0
0
50
513.8889
1411.111
2250
2808.333
2925
2216.667
1566.667
1516.667
1044.444
322.2222
33.33333
0
0
0
0
0
0
0
0
0
0
0
0
52.77778
494.4444
1119.444
1661.111
2141.667
2725
2630.556
1936.111
1294.444
800
300
30.55556
0
0
0
0
0
0
0
0
0
0
0
0
38.88889
416.6667
1469.444
2400
2591.667
2633.333
2722.222
2180.556
1450
872.2222
527.7778
55.55556
0
0
0
0
0
0
0
0
0
0
0
0
80.55555
861.1111
1877.778
2930.556
3583.333
3725
3877.778
3211.111
2330.556
1450
744.4444
47.22222
0
0
0
0
0
0
0
0
0
0
0
0
72.22222
827.7778
1997.222
2963.889
3458.333
3008.333
3388.889
2983.333
2511.111
1800
747.2222
69.44444
0
0
0
0
0
0
0
0
0
0
0
0
52.77778
652.7778
1500
2075
2877.778
3136.111
3319.444
2911.111
2363.889
1380.556
594.4444
44.44444
0
0
0
0
0
0
0
0
0
0
0
0
44.44444
680.5556
1483.333
2275
2700
2922.222
2919.444
2827.778
2305.556
1566.667
727.7778
58.33333
0
0
0
0
0
0
0
0
0
0
0
0
47.22222
661.1111
1361.111
2188.889
2697.222
3325
3036.111
2816.667
2511.111
1844.444
750
38.88889
0
0
0
0
0
0
0
0
0
0
0
0
55.55556
725
1738.889
2588.889
3488.889
3572.222
3830.556
3380.556
2888.889
2013.889
811.1111
44.44444
0
0
0
0
0
0
0
0
0
0
0
0
52.77778
825
1944.444
2941.667
3683.333
4052.778
4052.778
3663.889
2947.222
1950
838.8889
36.11111
0
0
0
0
0
0
0
0
0
0
0
0
41.66667
650
1547.222
2588.889
2972.222
3316.667
3358.333
3350
2622.222
1638.889
711.1111
27.77778
0
0
0
0
0
0
0
0
0
0
0
0
36.11111
711.1111
1855.556
2805.556
3555.556
3908.333
3808.333
3533.333
2802.778
1855.556
750
36.11111
0
0
0
0
0
0
0
0
0
0
0
0
38.88889
691.6667
1600
2336.111
2927.778
2791.667
2477.778
2380.556
1811.111
897.2222
369.4444
22.22222
0
0
0
0
0
0
0
0
0
0
0
0
19.44444
566.6667
1566.667
2461.111
3258.333
3580.556
3508.333
3300
2633.333
1650
586.1111
22.22222
0
0
0
0
0
0
0
0
0
0
0
0
22.22222
536.1111
1483.333
2319.444
2872.222
3025
2855.556
2394.444
1802.778
991.6667
350
11.11111
0
0
0
0
0
0
0
0
0
0
0
0
19.44444
388.8889
1355.556
2141.667
2883.333
3050
3555.556
3441.667
2702.778
1666.667
702.7778
16.66667
0
0
0
0
0
0
0
0
0
0
0
0
25
672.2222
1794.444
2747.222
3505.556
3877.778
3880.556
3213.889
2550
1586.111
697.2222
16.66667
0
0
0
0
0
0
0
0
0
0
0
0
19.44444
602.7778
1700
2588.889
3322.222
3750
3769.444
3297.222
2605.556
1611.111
594.4444
11.11111
0
0
0
0
0
0
0
0
0
0
0
0
8.333333
369.4444
1136.111
2058.333
3066.667
3075
3208.333
2758.333
2238.889
1269.444
372.2222
2.777778
0
0
0
0
0
0
0
0
0
0
0
0
5.555556
211.1111
766.6667
1536.111
1811.111
2213.889
1930.556
1511.111
1077.778
466.6667
138.8889
2.777778
0
0
0
0
0
0
0
0
0
0
0
0
5.555556
216.6667
583.3333
705.5555
1155.556
972.2222
877.7778
641.6667
633.3333
527.7778
191.6667
2.777778
0
0
0
0
0
0
0
0
0
0
0
0
0
302.7778
586.1111
1472.222
1836.111
1922.222
2216.667
1775
1444.444
791.6667
269.4444
5.555556
0
0
0
0
0
0
0
0
0
0
0
0
5.555556
377.7778
1088.889
1966.667
2447.222
2386.111
2286.111
1875
1469.444
769.4444
200
2.777778
0
0
0
0
0
0
0
0
0
0
0
0
2.777778
366.6667
1194.444
1916.667
2772.222
3161.111
3191.667
2811.111
2194.444
1452.778
458.3333
5.555556
0
0
0
0
0
0
0
0
0
0
0
0
5.555556
400
1347.222
2266.667
2936.111
3336.111
3402.778
2802.778
2083.333
1266.667
400
8.333333
0
0
0
0
0
0
0
0
0
0
0
0
2.777778
386.1111
1219.444
2044.444
2747.222
3102.778
3197.222
2922.222
2111.111
1261.111
363.8889
0
0
0
0
0
0
0
0
0
0
0
0
0
0
336.1111
1133.333
1847.222
2283.333
2627.778
2788.889
2769.444
2113.889
1247.222
355.5556
0
0
0
0
0
0
0
0
0
0
0
0
0
2.777778
238.8889
952.7778
1730.556
2538.889
2863.889
2722.222
2441.667
2077.778
1150
347.2222
0
0
0
0
0
0
0
0
0
0
0
0
0
0
250
941.6667
1238.889
1588.889
1766.667
1502.778
1511.111
1177.778
702.7778
280.5556
2.777778
0
0
0
0
0
0
0
0
0
0
-2.777778
-2.777778
-2.777778
75
375
702.7778
736.1111
883.3333
797.2222
705.5556
497.2222
216.6667
50
-2.777778
-2.777778
-2.777778
0
0
0
0
0
0
0
0
-2.777778
-2.777778
-2.777778
130.5556
608.3333
1058.333
1513.889
1594.444
1883.333
1463.889
1388.889
911.1111
161.1111
-2.777778
-2.777778
-2.777778
0
0
0
0
0
0
0
0
-2.777778
-2.777778
-2.777778
150
563.8889
1286.111
1297.222
1652.778
1941.667
1480.556
925
755.5555
136.1111
-2.777778
-2.777778
-2.777778
0
0
0
0
0
0
0
0
0
0
0
247.2222
1027.778
1447.222
2047.222
2125
1950
1866.667
1227.778
761.1111
175
0
0
0
0
0
0
0
0
0
0
0
0
0
0
288.8889
1269.444
1986.111
2558.333
2936.111
3075
2797.222
2108.333
1191.667
244.4444
0
0
0
0
0
0
0
0
0
0
0
0
0
0
172.2222
691.6667
1352.778
1938.889
2111.111
2058.333
1877.778
1697.222
963.8889
208.3333
0
0
0
0
0
0
0
0
0
0
0
0
0
2.777778
111.1111
341.6667
680.5556
694.4444
536.1111
630.5556
841.6667
547.2222
338.8889
80.55556
0
0
0
0
0
0
0
0
0
0
0
0
0
0
275
1200
2166.667
2277.778
2266.667
1977.778
1900
1355.556
855.5556
222.2222
0
0
0
0
0
0
0
0
0
0
0
0
0
0
216.6667
944.4444
1786.111
2647.222
2988.889
2969.444
2613.889
1869.444
1016.667
183.3333
0
0
0
0
0
0
0
0
0
0
0
0
0
0
36.11111
161.1111
355.5556
680.5556
1277.778
1300
1633.333
1180.556
875
177.7778
0
0
0
0
0
0
0
0
0
0
0
0
0
0
205.5556
955.5556
1788.889
2313.889
2461.111
2108.333
1513.889
1661.111
919.4444
163.8889
0
0
0
0
0
0
0
0
0
0
0
0
0
0
38.88889
269.4444
655.5556
1366.667
1719.444
1822.222
1430.556
794.4445
511.1111
136.1111
0
0
0
0
0
0
0
0
0
0
0
0
0
0
52.77778
427.7778
691.6667
1555.556
1880.556
1713.889
1563.889
1330.556
755.5555
163.8889
0
0
0
0
0
0
0
0
0
0
0
0
0
0
136.1111
486.1111
891.6667
1519.444
1491.667
1188.889
1302.778
847.2222
522.2222
91.66667
0
0
0
0
0
0
0
0
0
0
0
0
0
0
158.3333
663.8889
1427.778
1872.222
2341.667
1825
1588.889
1225
697.2222
122.2222
0
0
0
0
0
0
0
0
0
0
0
0
0
0
119.4444
536.1111
1266.667
1605.556
1752.778
1808.333
1300
816.6667
619.4444
100
0
0
0
0
0
0
0
0
0
0
0
0
0
0
130.5556
675
1230.556
1994.444
2055.556
1927.778
1361.111
1108.333
563.8889
91.66667
0
0
0
0
0
0
0
0
0
0
0
0
0
0
158.3333
786.1111
1444.444
1847.222
2050
2155.556
1555.556
1125
513.8889
83.33333
0
0
0
0
0
0
0
0
0
0
0
0
0
0
133.3333
736.1111
1472.222
1963.889
2197.222
1605.556
1313.889
1144.444
611.1111
94.44444
0
0
0
0
0
0
0
0
0
0
0
0
0
0
113.8889
608.3333
1025
1458.333
1400
1488.889
1330.556
1208.333
541.6667
66.66667
0
0
0
0
0
0
0
0
0
0
0
0
0
0
88.88889
672.2222
1308.333
2002.778
1977.778
2161.111
2086.111
1425
927.7778
102.7778
0
0
0
0
0
0
0
0
0
0
0
0
0
0
41.66667
355.5556
775
1080.556
1191.667
1177.778
997.2222
647.2222
369.4444
55.55556
0
0
0
0
0
0
0
0
0
0
0
0
0
0
69.44444
513.8889
947.2222
1144.444
1075
1116.667
808.3333
416.6667
316.6667
44.44444
0
0
0
0
0
0
0
0
0
0
0
0
0
0
58.33333
388.8889
880.5556
1044.444
1183.333
1522.222
1297.222
741.6667
458.3333
58.33333
0
0
0
0
0
0
0
0
0
0
0
0
0
0
72.22222
797.2222
1569.444
1872.222
2183.333
2102.778
1786.111
1219.444
844.4444
100
0
0
0
0
0
0
0
0
0
0
0
0
0
0
136.1111
908.3333
1655.556
2227.778
2525
2413.889
2097.222
1516.667
700
75
0
0
0
0
0
0
0
0
0
0
0
0
0
0
119.4444
836.1111
1569.444
2263.889
2505.556
2197.222
1852.778
1344.444
580.5556
55.55556
0
0
0
0
0
0
0
0
0
0
0
0
0
0
30.55556
166.6667
441.6667
561.1111
750
722.2222
683.3333
477.7778
247.2222
47.22222
0
0
0
0
0
0
0
0
0
0
0
0
0
0
25
247.2222
663.8889
1055.556
1447.222
1941.667
1344.444
975
505.5555
91.66667
0
0
0
0
0
0
0
0
0
0
0
0
0
0
25
275
408.3333
713.8889
672.2222
713.8889
705.5556
569.4444
277.7778
38.88889
0
0
0
0
0
0
0
0
0
0
0
0
0
0
41.66667
486.1111
955.5556
1391.667
1638.889
1083.333
852.7778
705.5556
347.2222
44.44444
0
0
0
0
0
0
0
0
0
0
0
0
0
0
50
413.8889
805.5556
1258.333
1205.556
1211.111
1075
788.8889
508.3333
72.22222
0
0
0
0
0
0
0
0
0
0
0
0
0
0
72.22222
663.8889
1327.778
1997.222
2252.778
1994.444
1819.444
1405.556
561.1111
52.77778
0
0
0
0
0
0
0
0
0
0
0
0
0
0
61.11111
619.4444
1269.444
1772.222
1930.556
1900
1786.111
1388.889
652.7778
69.44444
0
0
0
0
0
0
0
0
0
0
0
0
0
0
36.11111
302.7778
855.5556
1269.444
1850
1836.111
1516.667
1005.556
444.4444
55.55556
0
0
0
0
0
0
0
0
0
0
0
0
0
0
44.44444
358.3333
711.1111
1152.778
1572.222
1569.444
1522.222
872.2222
366.6667
30.55556
0
0
0
0
0
0
0
0
0
0
0
0
0
0
44.44444
561.1111
1255.556
1777.778
1830.556
2016.667
2000
1622.222
775
55.55556
0
0
0
0
0
0
0
0
0
0
0
0
0
0
66.66667
788.8889
1591.667
2108.333
2344.444
2280.556
1986.111
1338.889
666.6667
52.77778
0
0
0
0
0
0
0
0
0
0
0
0
0
0
55.55556
819.4444
1561.111
2122.222
2452.778
2408.333
1866.667
1358.333
688.8889
58.33333
0
0
0
0
0
0
0
0
0
0
0
0
0
0
72.22222
808.3333
1394.444
1902.778
2066.667
1908.333
1636.111
1122.222
438.8889
47.22222
0
0
0
0
0
0
0
0
0
0
0
0
0
0
30.55556
411.1111
955.5556
1491.667
1672.222
1919.444
1602.778
1083.333
505.5556
41.66667
0
0
0
0
0
0
0
0
0
0
0
0
0
0
36.11111
355.5556
911.1111
1447.222
2108.333
1916.667
1708.333
1430.556
702.7778
52.77778
0
0
0
0
0
0
0
0
0
0
0
0
0
0
27.77778
405.5556
1038.889
1702.778
1825
1969.444
1341.667
1188.889
475
41.66667
0
0
0
0
0
0
0
0
0
0
0
0
0
0
16.66667
127.7778
219.4444
613.8889
958.3333
719.4444
669.4444
577.7778
294.4444
30.55556
0
0
0
0
0
0
0
0
0
0
0
0
0
0
27.77778
305.5556
677.7778
794.4444
1447.222
1377.778
838.8889
500
275
27.77778
0
0
0
0
0
0
0
0
0
0
0
0
0
0
27.77778
238.8889
747.2222
1205.556
1288.889
825
711.1111
455.5556
252.7778
27.77778
0
0
0
0
0
0
0
0
0
0
0
0
0
0
52.77778
480.5556
1508.333
2122.222
2377.778
2580.556
1897.222
1255.556
583.3333
44.44444
0
0
0
0
0
0
0
0
0
0
0
0
0
0
55.55556
588.8889
1333.333
1683.333
2161.111
2066.667
1611.111
1016.667
322.2222
38.88889
0
0
0
0
0
0
0
0
0
0
0
0
0
0
75
836.1111
1758.333
2477.778
2838.889
2788.889
2408.333
1647.222
738.8889
61.11111
0
0
0
0
0
0
0
0
0
0
0
-2.777778
-2.777778
-2.777778
72.22222
730.5555
1416.667
1938.889
2233.333
2030.556
1500
1002.778
419.4444
33.33333
-2.777778
-2.777778
-2.777778
0
0
0
0
0
0
0
0
0
0
0
44.44444
533.3333
1225
1741.667
1891.667
1927.778
1952.778
1438.889
633.3333
66.66667
0
0
0
0
0
0
0
0
0
0
0
0
0
0
47.22222
502.7778
1233.333
1791.667
1911.111
1850
1772.222
925
511.1111
63.88889
0
0
0
0
0
0
0
0
0
0
0
0
0
0
33.33333
286.1111
525
800
1072.222
1075
816.6667
544.4444
272.2222
27.77778
0
0
0
0
0
0
0
0
0
0
0
0
0
0
27.77778
313.8889
769.4444
1094.444
1227.778
1258.333
1019.444
894.4444
452.7778
55.55556
0
0
0
0
0
0
0

