  8.6549000e+000	
  8.2813000e+000	
  7.8062000e+000	
  6.0144000e+000	
  6.2344000e+000	
  6.2602000e+000	
  5.4285000e+000	
  5.5144000e+000	
  5.8223000e+000	
  7.5187000e+000	
  9.6246000e+000	
  1.1854600e+001	
  1.3602600e+001	
  1.3902600e+001	
  1.2081600e+001	
  9.7874000e+000	
  9.6057000e+000	
  1.0196700e+001	
  1.0067500e+001	
  9.9097000e+000	
  9.7468000e+000	
  7.6119000e+000	
  7.2819000e+000	
  7.0374000e+000	
  7.1024000e+000	
  7.1951000e+000	
  6.8819000e+000	
  6.5064000e+000	
  6.7061000e+000	
  7.0290000e+000	
  7.5088000e+000	
  7.4677000e+000	
  7.7976000e+000	
  8.0819000e+000	
  8.7772000e+000	
  9.5322000e+000	
  1.0754400e+001	
  1.1449400e+001	
  1.2716700e+001	
  1.3016800e+001	
  1.3372700e+001	
  1.0974600e+001	
  1.2296700e+001	
  1.0361300e+001	
  9.7127000e+000	
  8.8279000e+000	
  7.8403000e+000	
  7.6378000e+000	
  7.5230000e+000	
  7.7907000e+000	
  7.9980000e+000	
  7.3772000e+000	
  7.6017000e+000	
  7.7517000e+000	
  7.7548000e+000	
  7.7271000e+000	
  7.7447000e+000	
  7.8906000e+000	
  8.6129000e+000	
  9.4004000e+000	
  8.9446000e+000	
  7.9596000e+000	
  8.7769000e+000	
  9.0194000e+000	
  9.1584000e+000	
  8.4299000e+000	
  8.0815000e+000	
  8.5336000e+000	
  8.1863000e+000	
  8.2797000e+000	
  7.9227000e+000	
  7.6088000e+000	
  7.0110000e+000	
  6.7611000e+000	
  5.7598000e+000	
  5.5810000e+000	
  5.1773000e+000	
  4.8510000e+000	
  4.2484000e+000	
  3.2534000e+000	
  3.5316000e+000	
  5.0814000e+000	
  6.0472000e+000	
  7.1195000e+000	
  7.9033000e+000	
  8.5361000e+000	
  9.4742000e+000	
  1.0256600e+001	
  1.0634800e+001	
  1.1233700e+001	
  1.1373400e+001	
  1.1025300e+001	
  1.0189100e+001	
  9.1375000e+000	
  8.3772000e+000	
  7.8080000e+000	
  5.8735000e+000	
  5.1810000e+000	
  4.5934000e+000	
  3.8447000e+000	
  3.4603000e+000	
  3.8389000e+000	
  3.6107000e+000	
  2.9342000e+000	
  2.8876000e+000	
  5.3305000e+000	
  8.0352000e+000	
  9.9624000e+000	
  1.1208400e+001	
  1.2010100e+001	
  1.2865500e+001	
  1.3409000e+001	
  1.4014300e+001	
  1.3824000e+001	
  1.3561100e+001	
  1.3287800e+001	
  1.1906900e+001	
  9.7219000e+000	
  8.3415000e+000	
  7.3697000e+000	
  6.7185000e+000	
  6.3282000e+000	
  5.8774000e+000	
  6.4939000e+000	
  5.6271000e+000	
  5.0106000e+000	
  6.1411000e+000	
  7.1097000e+000	
  7.5068000e+000	
  8.5009000e+000	
  8.6662000e+000	
  1.0068000e+001	
  1.1144900e+001	
  1.2527400e+001	
  1.3491000e+001	
  1.3930500e+001	
  1.4095100e+001	
  1.4092900e+001	
  1.3607600e+001	
  1.3278500e+001	
  1.2144700e+001	
  1.0801100e+001	
  9.2196000e+000	
  8.1261000e+000	
  6.7472000e+000	
  6.1462000e+000	
  5.7315000e+000	
  5.2178000e+000	
  4.7268000e+000	
  4.3303000e+000	
  4.4132000e+000	
  5.6382000e+000	
  6.5527000e+000	
  7.7611000e+000	
  8.7272000e+000	
  1.0090700e+001	
  1.1898000e+001	
  1.2324300e+001	
  1.3085800e+001	
  1.3291200e+001	
  1.3334700e+001	
  1.3636100e+001	
  1.3411100e+001	
  1.3045300e+001	
  1.2737000e+001	
  1.1786300e+001	
  1.1552800e+001	
  1.1503900e+001	
  1.1152800e+001
