  4.8130000e+000	
  5.1238000e+000	
  5.7414000e+000	
  5.6295000e+000	
  5.6420000e+000	
  5.6683000e+000	
  5.7951000e+000	
  5.7089000e+000	
  5.9635000e+000	
  6.4624000e+000	
  6.6271000e+000	
  6.5825000e+000	
  6.6817000e+000	
  7.0813000e+000	
  7.9624000e+000	
  8.5066000e+000	
  7.8578000e+000	
  6.8708000e+000	
  5.7509000e+000	
  4.2402000e+000	
  3.2647000e+000	
  2.8126000e+000	
  2.3464000e+000	
  1.6975000e+000	
  1.1096000e+000	
  1.2124000e+000	
  6.7580000e-001	
  4.3740000e-001	
  2.0390000e-001	
  8.9800000e-002	
 -2.3490000e-001	
  9.5400000e-002	
  1.6080000e-001	
  3.0368000e+000	
  6.9661000e+000	
  8.1025000e+000	
  8.9001000e+000	
  9.7989000e+000	
  1.0375100e+001	
  1.0501800e+001	
  9.7373000e+000	
  8.0136000e+000	
  5.2670000e+000	
  3.3499000e+000	
  2.1895000e+000	
  1.8340000e+000	
  1.4005000e+000	
  6.9060000e-001	
  4.3070000e+000	
  5.2699000e+000	
  4.5779000e+000	
  4.0177000e+000	
  3.3511000e+000	
  2.3948000e+000	
  2.1864000e+000	
  2.1109000e+000	
  3.4693000e+000	
  4.6197000e+000	
  5.6361000e+000	
  6.9047000e+000	
  7.8666000e+000	
  8.9351000e+000	
  9.7034000e+000	
  1.0125400e+001	
  9.1548000e+000	
  7.9742000e+000	
  5.7335000e+000	
  3.9365000e+000	
  3.1080000e+000	
  2.9404000e+000	
  1.1680000e+000	
  4.7980000e-001	
 -2.4910000e-001	
 -1.3510000e-001	
 -7.8630000e-001	
 -8.7540000e-001	
  1.4350000e-001	
 -8.4840000e-001	
 -8.3340000e-001	
 -4.2920000e-001	
  6.5330000e-001	
  2.8463000e+000	
  5.1384000e+000	
  7.3108000e+000	
  9.6182000e+000	
  1.0728600e+001	
  1.1013500e+001	
  1.1321800e+001	
  1.0307800e+001	
  8.2974000e+000	
  4.9394000e+000	
  2.6573000e+000	
  1.4788000e+000	
  8.9970000e-001	
 -4.4200000e-002	
 -2.5920000e-001	
 -7.5280000e-001	
 -1.6227000e+000	
 -1.6149000e+000	
 -1.7431000e+000	
 -2.0020000e+000	
 -2.3943000e+000	
 -3.1208000e+000	
 -2.6941000e+000	
 -1.2723000e+000	
  2.6917000e+000	
  5.9547000e+000	
  8.9933000e+000	
  1.2128200e+001	
  1.4035100e+001	
  1.4613300e+001	
  1.4344600e+001	
  1.2672800e+001	
  8.0989000e+000	
  5.9575000e+000	
  3.8840000e+000	
  2.0607000e+000	
  1.5388000e+000	
  8.5650000e-001	
  4.5100000e-002	
 -6.1320000e-001	
 -1.0506000e+000	
 -1.2696000e+000	
 -1.5651000e+000	
 -2.3374000e+000	
 -2.3103000e+000	
 -2.9102000e+000	
 -3.1513000e+000	
 -1.7921000e+000	
  1.8656000e+000	
  6.2434000e+000	
  9.5362000e+000	
  1.2117400e+001	
  1.3495100e+001	
  1.3739300e+001	
  1.3091200e+001	
  1.1250900e+001	
  7.4667000e+000	
  5.3814000e+000	
  4.1234000e+000	
  2.6706000e+000	
  8.2670000e-001	
  3.9980000e-001	
  4.7570000e-001	
 -5.4100000e-001	
  1.4530000e+000	
  2.6217000e+000	
  2.3383000e+000	
  1.3943000e+000	
  1.4452000e+000	
  1.8291000e+000	
  2.3817000e+000	
  2.4852000e+000	
  2.4041000e+000	
  2.7679000e+000	
  3.2271000e+000	
  3.6806000e+000	
  3.9210000e+000	
  4.2658000e+000	
  4.0705000e+000	
  4.1140000e+000	
  4.0918000e+000	
  3.8448000e+000	
  3.7171000e+000	
  3.4677000e+000	
  3.2421000e+000	
  2.9419000e+000	
  2.9632000e+000
