  2.0044300e+001	
  1.9508200e+001	
  1.9534000e+001	
  1.9776600e+001	
  1.9481200e+001	
  1.9077600e+001	
  1.9205100e+001	
  1.9192500e+001	
  1.8918400e+001	
  1.8721300e+001	
  1.8342400e+001	
  1.8732600e+001	
  1.9105800e+001	
  1.9842600e+001	
  2.1597700e+001	
  2.2312800e+001	
  2.2985700e+001	
  2.3141400e+001	
  2.3385200e+001	
  2.3023300e+001	
  2.1736600e+001	
  2.0560700e+001	
  1.9677100e+001	
  1.8612800e+001	
  1.7533400e+001	
  1.6084900e+001	
  1.5319300e+001	
  1.4345900e+001	
  1.3686900e+001	
  1.2569200e+001	
  1.2381200e+001	
  1.1797800e+001	
  1.1344600e+001	
  1.0962900e+001	
  1.3844100e+001	
  1.7534900e+001	
  1.9359500e+001	
  2.0953400e+001	
  2.2027500e+001	
  2.2825700e+001	
  2.3088200e+001	
  2.3293000e+001	
  2.3184300e+001	
  2.3356400e+001	
  2.2261900e+001	
  2.1098800e+001	
  1.8983800e+001	
  1.7392700e+001	
  1.6126300e+001	
  1.5496600e+001	
  1.4764700e+001	
  1.3734000e+001	
  1.2568900e+001	
  1.1613200e+001	
  1.1413400e+001	
  1.4746200e+001	
  1.1751200e+001	
  1.0594600e+001	
  1.3753400e+001	
  1.6234000e+001	
  1.7609600e+001	
  1.9248900e+001	
  2.1298000e+001	
  2.2515700e+001	
  2.3218300e+001	
  2.3683700e+001	
  2.3879400e+001	
  2.3640600e+001	
  2.2419900e+001	
  2.0939500e+001	
  2.0214400e+001	
  1.8167300e+001	
  1.5753300e+001	
  1.4278000e+001	
  1.3363000e+001	
  1.2349300e+001	
  1.1626500e+001	
  1.1192200e+001	
  1.0447600e+001	
  1.0312400e+001	
  9.4686000e+000	
  9.4619000e+000	
  1.2352300e+001	
  1.6406500e+001	
  1.9184600e+001	
  2.1657800e+001	
  2.2753000e+001	
  2.3507200e+001	
  2.4213100e+001	
  2.4918700e+001	
  2.4743800e+001	
  2.4273400e+001	
  2.2891200e+001	
  2.1246200e+001	
  1.9896400e+001	
  1.8249800e+001	
  1.6316000e+001	
  1.4143900e+001	
  1.3219000e+001	
  1.2336700e+001	
  1.1503400e+001	
  1.0986200e+001	
  1.0423900e+001	
  9.9752000e+000	
  9.8454000e+000	
  9.6573000e+000	
  1.2592000e+001	
  1.6898600e+001	
  2.0089400e+001	
  2.2449800e+001	
  2.3777200e+001	
  2.4104200e+001	
  2.4632400e+001	
  2.4886600e+001	
  2.4954500e+001	
  2.4584900e+001	
  2.3274100e+001	
  2.1413800e+001	
  1.8877200e+001	
  1.6222600e+001	
  1.4372600e+001	
  1.2768500e+001	
  1.2180200e+001	
  1.1281700e+001	
  1.1101900e+001	
  1.0766400e+001	
  1.0103700e+001	
  1.0411100e+001	
  9.5492000e+000	
  9.6604000e+000	
  1.2002300e+001	
  1.6342300e+001	
  1.9135700e+001	
  2.1227700e+001	
  2.2597400e+001	
  2.3407400e+001	
  2.3771500e+001	
  2.4438900e+001	
  2.4413900e+001	
  2.4145600e+001	
  2.3044700e+001	
  2.1562100e+001	
  2.0810900e+001	
  2.0132100e+001	
  1.9118900e+001	
  1.7677400e+001	
  1.4548600e+001	
  1.3047400e+001	
  1.2054400e+001	
  1.1123500e+001	
  1.0616600e+001	
  1.0128000e+001	
  9.3786000e+000	
  8.8895000e+000	
  1.1422900e+001	
  1.6462000e+001	
  1.9218800e+001	
  2.1034000e+001	
  2.2391400e+001	
  2.3847000e+001	
  2.4380200e+001	
  2.5053700e+001	
  2.5215200e+001	
  2.4994200e+001	
  2.3694400e+001	
  2.0961800e+001	
  1.7190200e+001	
  1.5034600e+001	
  1.3892700e+001
