  2.6026700e+001	
  2.6989200e+001	
  2.6899700e+001	
  2.6501900e+001	
  2.4964200e+001	
  2.3556200e+001	
  2.3055700e+001	
  2.4260000e+001	
  2.5273200e+001	
  2.7329100e+001	
  2.9283900e+001	
  3.1250800e+001	
  3.2466500e+001	
  3.3416700e+001	
  3.4422100e+001	
  3.5206900e+001	
  3.5655600e+001	
  3.6330700e+001	
  3.6202300e+001	
  3.5939100e+001	
  3.4929400e+001	
  3.3329800e+001	
  3.1824500e+001	
  2.9868000e+001	
  2.8806300e+001	
  2.7316100e+001	
  2.6352100e+001	
  2.5158600e+001	
  2.4995800e+001	
  2.3904400e+001	
  2.2630100e+001	
  2.2070600e+001	
  2.3164600e+001	
  2.5290100e+001	
  2.7705400e+001	
  2.9497600e+001	
  3.0967400e+001	
  3.2537200e+001	
  3.3609700e+001	
  3.4323200e+001	
  3.5158800e+001	
  3.5655700e+001	
  3.5652600e+001	
  3.5139200e+001	
  3.4374800e+001	
  3.2465800e+001	
  3.0864600e+001	
  2.9065600e+001	
  2.7236300e+001	
  2.5628900e+001	
  2.4445700e+001	
  2.2820800e+001	
  2.0361400e+001	
  2.0726900e+001	
  2.0601800e+001	
  2.0113100e+001	
  2.2864400e+001	
  2.5272000e+001	
  2.8399100e+001	
  3.0689400e+001	
  3.2313600e+001	
  3.3352900e+001	
  3.3848900e+001	
  3.4719000e+001	
  3.5055800e+001	
  3.5308200e+001	
  3.5380600e+001	
  3.5158000e+001	
  3.4698300e+001	
  3.2988200e+001	
  3.1238600e+001	
  2.9761700e+001	
  2.8328900e+001	
  2.6282900e+001	
  2.4680200e+001	
  2.5668500e+001	
  2.5439000e+001	
  2.4125500e+001	
  2.4373400e+001	
  2.1304700e+001	
  2.3693900e+001	
  2.6952800e+001	
  2.9221500e+001	
  3.0928600e+001	
  3.2322500e+001	
  3.3630900e+001	
  3.4483100e+001	
  3.5125300e+001	
  3.6027100e+001	
  3.6474100e+001	
  3.6509200e+001	
  3.6648500e+001	
  3.5942700e+001	
  3.3723100e+001	
  2.9401900e+001	
  2.9422300e+001	
  2.6714200e+001	
  2.5188800e+001	
  2.4453300e+001	
  2.4063300e+001	
  2.3358100e+001	
  2.2944100e+001	
  2.2929400e+001	
  2.2671900e+001	
  2.5407700e+001	
  2.7873200e+001	
  2.9881900e+001	
  3.1369900e+001	
  3.2201800e+001	
  3.3267000e+001	
  3.4139900e+001	
  3.5333700e+001	
  3.6469300e+001	
  3.6847400e+001	
  3.6845200e+001	
  3.6339600e+001	
  3.3338700e+001	
  3.1537700e+001	
  3.0153700e+001	
  2.9329600e+001	
  2.6608400e+001	
  2.4548500e+001	
  2.3503700e+001	
  2.4560300e+001	
  2.4856900e+001	
  2.4941400e+001	
  2.4879100e+001	
  2.4568300e+001	
  2.5652800e+001	
  2.7292600e+001	
  2.9568300e+001	
  3.0711800e+001	
  3.2244200e+001	
  3.3302200e+001	
  3.3857800e+001	
  3.4987600e+001	
  3.5656300e+001	
  3.5775300e+001	
  3.5543300e+001	
  3.4822600e+001	
  3.3622200e+001	
  3.1951000e+001	
  2.8619900e+001	
  2.6849700e+001	
  2.4019600e+001	
  2.2155800e+001	
  2.0678800e+001	
  2.1093900e+001	
  2.0516800e+001	
  1.9939000e+001	
  1.7729600e+001	
  1.8275800e+001	
  2.0911500e+001	
  2.5581500e+001	
  2.8446100e+001	
  3.0643600e+001	
  3.1684400e+001	
  3.2444700e+001	
  3.3314100e+001	
  3.3975800e+001	
  3.4395600e+001	
  3.4509400e+001	
  3.4391500e+001	
  3.3933300e+001	
  3.2867800e+001	
  3.1105400e+001	
  2.8908400e+001	
  2.7558700e+001	
  2.6189900e+001
